ts_code,trade_date,open,high,low,close,pre_close,change,pct_chg,vol,amount
601333.SH,20150105,4.72,4.85,4.59,4.76,4.52,0.24,5.31,2482078.42,1170424.543
601333.SH,20150106,4.67,5.24,4.63,5.08,4.76,0.32,6.72,4908641.28,2485798.685
601333.SH,20150107,4.88,5.03,4.85,4.95,5.08,-0.13,-2.56,2345473.08,1154130.604
601333.SH,20150108,4.96,5.02,4.73,4.75,4.95,-0.2,-4.04,1753257.17,853872.706
601333.SH,20150109,4.71,4.83,4.59,4.63,4.75,-0.12,-2.53,1590003.86,745615.377
601333.SH,20150112,4.55,4.63,4.38,4.42,4.63,-0.21,-4.54,1164633.38,522705.849
601333.SH,20150113,4.4,4.53,4.4,4.45,4.42,0.03,0.68,625949.63,279894.805
601333.SH,20150114,4.47,4.5,4.31,4.36,4.45,-0.09,-2.02,744106.83,327286.347
601333.SH,20150115,4.36,4.54,4.31,4.53,4.36,0.17,3.9,798776.97,354100.886
601333.SH,20150116,4.53,4.76,4.53,4.64,4.53,0.11,2.43,1103358.45,513101.998
601333.SH,20150119,4.4,4.49,4.18,4.18,4.64,-0.46,-9.91,1426490.2,614642.081
601333.SH,20150120,4.14,4.35,4.14,4.28,4.18,0.1,2.39,957298.6,408279.3
601333.SH,20150121,4.29,4.46,4.26,4.45,4.28,0.17,3.97,954148.0,416792.33
601333.SH,20150122,4.44,4.45,4.35,4.43,4.45,-0.02,-0.45,818020.5,360183.873
601333.SH,20150123,4.43,4.46,4.34,4.37,4.43,-0.06,-1.35,790767.17,348224.735
601333.SH,20150126,4.36,4.41,4.31,4.4,4.37,0.03,0.69,598425.04,260931.015
601333.SH,20150127,4.4,4.41,4.29,4.38,4.4,-0.02,-0.45,787107.49,342907.596
601333.SH,20150128,4.34,4.55,4.3,4.51,4.38,0.13,2.97,1493582.61,663654.507
601333.SH,20150129,4.43,4.95,4.41,4.74,4.51,0.23,5.1,2866190.64,1344050.728
601333.SH,20150130,4.7,4.71,4.51,4.58,4.74,-0.16,-3.38,1562396.98,718226.36
601333.SH,20150202,4.55,4.57,4.32,4.33,4.58,-0.25,-5.46,1088112.2,478269.652
601333.SH,20150203,4.37,4.41,4.29,4.39,4.33,0.06,1.39,696940.9,302931.823
601333.SH,20150204,4.39,4.44,4.33,4.37,4.39,-0.02,-0.46,665446.08,291039.926
601333.SH,20150205,4.46,4.46,4.22,4.24,4.37,-0.13,-2.97,788434.34,342779.526
601333.SH,20150206,4.21,4.25,4.01,4.06,4.24,-0.18,-4.25,816818.56,336986.946
601333.SH,20150209,4.05,4.09,3.99,4.05,4.06,-0.01,-0.25,422283.27,170783.217
601333.SH,20150210,4.05,4.2,4.05,4.14,4.05,0.09,2.22,569381.71,236058.081
601333.SH,20150211,4.17,4.21,4.14,4.16,4.14,0.02,0.48,396227.29,165133.119
601333.SH,20150212,4.16,4.2,4.13,4.19,4.16,0.03,0.72,400594.42,167019.042
601333.SH,20150213,4.2,4.28,4.2,4.23,4.19,0.04,0.95,458943.73,194660.671
601333.SH,20150216,4.23,4.27,4.22,4.25,4.23,0.02,0.47,359646.3,152521.294
601333.SH,20150217,4.26,4.3,4.25,4.28,4.25,0.03,0.71,393866.84,168452.965
601333.SH,20150225,4.3,4.32,4.22,4.24,4.28,-0.04,-0.93,446013.88,190636.965
601333.SH,20150226,4.24,4.36,4.2,4.33,4.24,0.09,2.12,713673.7,306812.323
601333.SH,20150227,4.33,4.38,4.33,4.37,4.33,0.04,0.92,621646.72,270696.73
601333.SH,20150302,4.38,4.4,4.34,4.4,4.37,0.03,0.69,615052.5,268914.25
601333.SH,20150303,4.38,4.39,4.3,4.31,4.4,-0.09,-2.05,631169.25,273626.567
601333.SH,20150304,4.31,4.33,4.24,4.28,4.31,-0.03,-0.7,615102.77,262925.36
601333.SH,20150305,4.27,4.27,4.16,4.23,4.28,-0.05,-1.17,676791.37,284564.559
601333.SH,20150306,4.22,4.32,4.19,4.28,4.23,0.05,1.18,654781.2,279295.115
601333.SH,20150309,4.24,4.32,4.18,4.3,4.28,0.02,0.47,583539.03,247663.332
601333.SH,20150310,4.3,4.33,4.25,4.3,4.3,0.0,0.0,500531.91,215316.467
601333.SH,20150311,4.3,4.37,4.29,4.33,4.3,0.03,0.7,547488.14,237014.931
601333.SH,20150312,4.35,4.36,4.31,4.36,4.33,0.03,0.69,569933.94,247244.41
601333.SH,20150313,4.36,4.55,4.35,4.47,4.36,0.11,2.52,1309978.29,583942.638
601333.SH,20150316,4.48,4.65,4.44,4.63,4.47,0.16,3.58,1505639.18,686394.028
601333.SH,20150317,4.65,4.84,4.61,4.77,4.63,0.14,3.02,2099787.57,999751.744
601333.SH,20150318,4.78,4.84,4.68,4.83,4.77,0.06,1.26,1700942.8,814116.205
601333.SH,20150319,4.82,4.94,4.74,4.81,4.83,-0.02,-0.41,1668311.62,805579.14
601333.SH,20150320,4.82,4.85,4.7,4.74,4.81,-0.07,-1.46,1360017.88,646919.935
601333.SH,20150323,4.76,4.87,4.76,4.84,4.74,0.1,2.11,1492600.85,718537.757
601333.SH,20150324,4.83,5.05,4.77,5.04,4.84,0.2,4.13,2770497.84,1366195.506
601333.SH,20150325,5.05,5.13,4.87,4.93,5.04,-0.11,-2.18,2059310.91,1025991.741
601333.SH,20150326,4.83,4.93,4.76,4.84,4.93,-0.09,-1.83,1656408.18,800685.466
601333.SH,20150327,4.83,4.85,4.76,4.78,4.84,-0.06,-1.24,1018207.29,488076.376
601333.SH,20150330,4.8,5.01,4.79,4.95,4.78,0.17,3.56,1805897.53,886741.81
601333.SH,20150331,4.91,4.99,4.8,4.82,4.95,-0.13,-2.63,1362850.78,667231.138
601333.SH,20150401,4.8,4.87,4.78,4.86,4.82,0.04,0.83,1029219.02,497014.491
601333.SH,20150402,4.86,4.88,4.78,4.84,4.86,-0.02,-0.41,1108451.74,535338.101
601333.SH,20150403,4.82,5.1,4.79,4.96,4.84,0.12,2.48,2124579.85,1052935.133
601333.SH,20150407,4.97,5.45,4.96,5.31,4.96,0.35,7.06,3352870.22,1750941.133
601333.SH,20150408,5.3,5.3,5.1,5.2,5.31,-0.11,-2.07,2372004.99,1234579.879
601333.SH,20150409,5.2,5.23,4.96,5.12,5.2,-0.08,-1.54,1702518.4,865793.875
601333.SH,20150410,5.07,5.28,5.07,5.23,5.12,0.11,2.15,1679693.02,873863.191
601333.SH,20150413,5.26,5.74,5.23,5.55,5.23,0.32,6.12,3395471.83,1866019.828
601333.SH,20150414,5.48,5.73,5.41,5.6,5.55,0.05,0.9,2602401.36,1459241.18
601333.SH,20150415,5.59,6.04,5.5,5.8,5.6,0.2,3.57,3418039.69,1979695.311
601333.SH,20150416,5.7,5.97,5.6,5.83,5.8,0.03,0.52,2192428.11,1266549.766
601333.SH,20150417,5.88,6.41,5.88,6.41,5.83,0.58,9.95,4893967.34,3037939.414
601333.SH,20150420,6.3,6.96,6.18,6.48,6.41,0.07,1.09,5461112.39,3542117.233
601333.SH,20150421,6.41,6.75,6.18,6.37,6.48,-0.11,-1.7,3095831.32,1967612.612
601333.SH,20150422,6.38,6.64,6.31,6.5,6.37,0.13,2.04,2565403.99,1664259.263
601333.SH,20150423,6.5,6.73,6.45,6.57,6.5,0.07,1.08,2526767.57,1662313.195
601333.SH,20150424,6.46,6.49,6.18,6.36,6.57,-0.21,-3.2,2377818.34,1509281.133
601333.SH,20150427,6.35,7.0,6.35,7.0,6.36,0.64,10.06,3926354.57,2651360.91
601333.SH,20150428,7.17,7.58,7.1,7.38,7.0,0.38,5.43,6112880.49,4498079.993
601333.SH,20150429,7.28,7.4,6.9,7.29,7.38,-0.09,-1.22,2761045.19,1982312.683
601333.SH,20150430,7.3,7.52,7.09,7.2,7.29,-0.09,-1.23,2414334.46,1757280.614
601333.SH,20150504,7.23,7.33,7.06,7.22,7.2,0.02,0.28,1815260.48,1307160.952
601333.SH,20150505,7.21,7.21,6.55,6.61,7.22,-0.61,-8.45,2493333.85,1713459.987
601333.SH,20150506,6.6,6.75,6.16,6.35,6.61,-0.26,-3.93,1890592.82,1233865.977
601333.SH,20150507,6.21,6.33,5.9,5.92,6.35,-0.43,-6.77,1783964.09,1079776.938
601333.SH,20150508,5.97,6.12,5.9,6.09,5.92,0.17,2.87,1406702.54,848229.529
601333.SH,20150511,6.16,6.33,6.07,6.32,6.09,0.23,3.78,1640808.92,1019226.006
601333.SH,20150512,6.33,6.53,6.25,6.47,6.32,0.15,2.37,1613541.85,1033928.551
601333.SH,20150513,6.43,6.5,6.24,6.29,6.47,-0.18,-2.78,1637102.99,1038518.664
601333.SH,20150514,6.3,6.32,6.07,6.18,6.29,-0.11,-1.75,1516394.97,931537.425
601333.SH,20150515,6.19,6.19,6.03,6.08,6.18,-0.1,-1.62,1154874.99,706067.191
601333.SH,20150518,6.05,6.07,5.97,5.99,6.08,-0.09,-1.48,1004883.87,604523.804
601333.SH,20150519,5.98,6.35,5.96,6.32,5.99,0.33,5.51,1527286.96,942770.369
601333.SH,20150520,6.33,6.4,6.24,6.26,6.32,-0.06,-0.95,1660571.3,1049160.917
601333.SH,20150521,6.26,6.29,6.1,6.28,6.26,0.02,0.32,1324175.06,821160.733
601333.SH,20150522,6.35,6.59,6.28,6.56,6.28,0.28,4.46,2459559.64,1582746.538
601333.SH,20150525,6.56,6.93,6.53,6.84,6.56,0.28,4.27,2490713.47,1691387.555
601333.SH,20150526,6.88,7.05,6.64,7.01,6.84,0.17,2.49,3100809.06,2128883.5
601333.SH,20150527,7.01,7.05,6.78,6.93,7.01,-0.08,-1.14,2395056.9,1657772.463
601333.SH,20150528,6.95,7.49,6.95,7.13,6.93,0.2,2.89,5617350.77,4078073.492
601333.SH,20150529,7.18,7.36,6.49,7.24,7.13,0.11,1.54,3765629.37,2683774.667
601333.SH,20150601,7.2,7.96,7.08,7.96,7.24,0.72,9.94,4038677.67,3093838.993
601333.SH,20150602,8.08,8.23,7.71,8.11,7.96,0.15,1.88,4452672.28,3573494.983
601333.SH,20150603,8.11,8.11,7.68,7.92,8.11,-0.19,-2.34,2878031.53,2260066.247
601333.SH,20150604,7.92,7.92,7.17,7.79,7.92,-0.13,-1.64,2519268.42,1910163.006
601333.SH,20150605,7.85,8.57,7.75,8.57,7.79,0.78,10.01,4725049.04,3827482.094
601333.SH,20150608,8.65,9.38,8.56,8.62,8.57,0.05,0.58,5036493.75,4456883.841
601333.SH,20150609,8.5,8.5,8.05,8.26,8.62,-0.36,-4.18,2892555.39,2386851.084
601333.SH,20150610,8.15,8.65,8.0,8.42,8.26,0.16,1.94,2417564.55,2019498.52
601333.SH,20150611,8.4,8.4,8.16,8.3,8.42,-0.12,-1.43,1658131.88,1369542.981
601333.SH,20150612,8.28,8.6,8.22,8.46,8.3,0.16,1.93,2263994.62,1916624.399
601333.SH,20150615,8.48,9.1,8.47,8.77,8.46,0.31,3.66,3533553.55,3139039.111
601333.SH,20150616,8.52,8.74,8.1,8.25,8.77,-0.52,-5.93,2181469.34,1836180.556
601333.SH,20150617,8.15,8.45,7.8,8.32,8.25,0.07,0.85,1828139.25,1485585.961
601333.SH,20150618,8.38,9.04,8.18,8.53,8.32,0.21,2.52,3266446.47,2861080.102
601333.SH,20150619,8.1,8.47,7.74,7.82,8.53,-0.71,-8.32,2134037.46,1734964.8
601333.SH,20150623,7.78,8.02,7.04,7.97,7.82,0.15,1.92,1854102.05,1414051.848
601333.SH,20150624,8.0,8.77,7.97,8.77,7.97,0.8,10.04,3739635.55,3152018.629
601333.SH,20150625,8.87,9.2,8.3,8.54,8.77,-0.23,-2.62,4098169.37,3632622.272
601333.SH,20150626,8.1,8.42,7.69,7.7,8.54,-0.84,-9.84,3250222.25,2583200.55
601333.SH,20150629,8.2,8.2,7.0,7.8,7.7,0.1,1.3,3525682.74,2736418.204
601333.SH,20150630,7.7,8.28,7.03,8.22,7.8,0.42,5.38,3594535.08,2763494.176
601333.SH,20150701,8.15,8.28,7.48,7.51,8.22,-0.71,-8.64,2776877.27,2220935.08
601333.SH,20150702,7.54,7.64,6.76,6.76,7.51,-0.75,-9.99,2888399.62,2028596.651
601333.SH,20150703,6.36,6.7,6.08,6.08,6.76,-0.68,-10.06,2276833.08,1406509.726
601333.SH,20150706,6.67,6.67,5.47,5.48,6.08,-0.6,-9.87,3069738.55,1806237.382
601333.SH,20150707,5.1,5.25,4.93,4.93,5.48,-0.55,-10.04,2878519.74,1429225.754
601333.SH,20150708,4.44,4.44,4.44,4.44,4.93,-0.49,-9.94,826031.0,366757.764
601333.SH,20150709,4.0,4.88,4.0,4.88,4.44,0.44,9.91,3281049.92,1480521.016
601333.SH,20150710,5.09,5.37,5.08,5.37,4.88,0.49,10.04,1970984.77,1046271.924
601333.SH,20150713,5.69,5.91,5.45,5.91,5.37,0.54,10.06,2992154.8,1726809.128
601333.SH,20150714,5.91,6.27,5.63,5.8,5.91,-0.11,-1.86,3012567.47,1792746.058
601333.SH,20150715,5.61,5.7,5.22,5.22,5.8,-0.58,-10.0,2239273.83,1205878.037
601333.SH,20150716,5.22,5.55,4.88,5.32,5.22,0.1,1.92,1645235.46,872021.69
601333.SH,20150717,5.35,5.8,5.35,5.71,5.32,0.39,7.33,1775876.56,994399.493
601333.SH,20150720,5.76,5.93,5.6,5.73,5.71,0.02,0.35,1831685.68,1053485.213
601333.SH,20150721,5.64,6.14,5.52,5.91,5.73,0.18,3.14,2320236.93,1361272.221
601333.SH,20150722,5.88,5.98,5.61,5.92,5.91,0.01,0.17,1867705.56,1087590.394
601333.SH,20150723,5.91,6.27,5.8,6.14,5.92,0.22,3.72,2595041.1,1566340.205
601333.SH,20150724,6.12,6.22,5.83,5.91,6.14,-0.23,-3.75,2257789.44,1367462.856
601333.SH,20150727,5.75,5.78,5.27,5.27,5.86,-0.59,-10.07,1805807.56,995100.102
601333.SH,20150728,4.95,5.32,4.78,5.09,5.27,-0.18,-3.42,2011609.44,1006000.586
601333.SH,20150729,5.17,5.45,5.03,5.41,5.09,0.32,6.29,1343350.67,698231.443
601333.SH,20150730,5.38,5.78,5.29,5.39,5.41,-0.02,-0.37,1855448.74,1030801.158
601333.SH,20150731,5.56,5.73,5.47,5.64,5.39,0.25,4.64,2314855.85,1295773.816
601333.SH,20150803,5.42,5.85,5.38,5.84,5.64,0.2,3.55,1830592.8,1013997.612
601333.SH,20150804,5.75,6.03,5.62,5.96,5.84,0.12,2.05,1859264.03,1091543.795
601333.SH,20150805,5.88,5.96,5.68,5.72,5.96,-0.24,-4.03,1368816.32,796427.388
601333.SH,20150806,5.61,5.72,5.54,5.66,5.72,-0.06,-1.05,719796.24,406763.039
601333.SH,20150807,5.72,5.9,5.67,5.86,5.66,0.2,3.53,1232576.96,716880.779
601333.SH,20150810,5.9,6.32,5.9,6.24,5.86,0.38,6.48,2300267.11,1414744.461
601333.SH,20150811,6.23,6.29,6.06,6.13,6.24,-0.11,-1.76,1930401.8,1191774.072
601333.SH,20150812,6.03,6.16,5.95,5.99,6.13,-0.14,-2.28,1454557.11,878386.534
601333.SH,20150813,5.92,6.15,5.92,6.12,5.99,0.13,2.17,1315722.35,799640.713
601333.SH,20150814,6.14,6.18,6.03,6.06,6.12,-0.06,-0.98,1174606.93,714807.353
601333.SH,20150817,6.06,6.35,6.0,6.28,6.06,0.22,3.63,1831645.96,1136239.619
601333.SH,20150818,6.26,6.28,5.65,5.65,6.28,-0.63,-10.03,1726699.52,1033782.303
601333.SH,20150819,5.48,5.88,5.3,5.87,5.65,0.22,3.89,1310032.73,736928.866
601333.SH,20150820,5.75,5.88,5.5,5.57,5.87,-0.3,-5.11,801792.07,458738.715
601333.SH,20150821,5.47,5.59,5.03,5.17,5.57,-0.4,-7.18,1297153.34,683740.795
601333.SH,20150824,5.0,5.0,4.65,4.67,5.17,-0.5,-9.67,1148362.34,539707.434
601333.SH,20150825,4.3,4.55,4.2,4.2,4.67,-0.47,-10.06,931326.88,401331.33
601333.SH,20150826,4.26,4.41,3.96,4.12,4.2,-0.08,-1.9,1217524.49,517666.874
601333.SH,20150827,4.2,4.38,4.1,4.37,4.12,0.25,6.07,870485.71,371109.175
601333.SH,20150828,4.38,4.8,4.38,4.75,4.37,0.38,8.7,1224412.98,559493.103
601333.SH,20150831,4.75,4.86,4.51,4.82,4.75,0.07,1.47,1218326.04,568889.556
601333.SH,20150901,4.75,5.0,4.51,4.93,4.82,0.11,2.28,1437836.82,687163.026
601333.SH,20150902,4.68,5.2,4.65,4.99,4.93,0.06,1.22,1769301.91,878626.039
601333.SH,20150907,4.99,5.19,4.8,4.81,4.99,-0.18,-3.61,807492.9,404130.908
601333.SH,20150908,4.8,4.92,4.6,4.9,4.81,0.09,1.87,647881.75,307058.729
601333.SH,20150909,4.97,5.08,4.82,5.0,4.9,0.1,2.04,904524.05,449171.797
601333.SH,20150910,4.91,4.94,4.78,4.8,5.0,-0.2,-4.0,544923.67,264634.663
601333.SH,20150911,4.78,4.86,4.7,4.78,4.8,-0.02,-0.42,374029.02,179163.298
601333.SH,20150914,4.83,4.89,4.33,4.44,4.78,-0.34,-7.11,580403.11,268421.223
601333.SH,20150915,4.32,4.48,4.15,4.21,4.44,-0.23,-5.18,480280.98,206949.628
601333.SH,20150916,4.25,4.63,4.2,4.61,4.21,0.4,9.5,591021.37,260682.739
601333.SH,20150917,4.58,4.72,4.44,4.45,4.61,-0.16,-3.47,776938.51,355792.265
601333.SH,20150918,4.53,4.57,4.37,4.46,4.45,0.01,0.22,420514.47,187223.645
601333.SH,20150921,4.47,4.57,4.42,4.57,4.46,0.11,2.47,470709.87,213147.768
601333.SH,20150922,4.57,4.66,4.5,4.61,4.57,0.04,0.88,699729.8,321109.441
601333.SH,20150923,4.51,4.54,4.41,4.44,4.61,-0.17,-3.69,392176.53,175583.945
601333.SH,20150924,4.45,4.51,4.4,4.47,4.44,0.03,0.68,296978.69,132377.643
601333.SH,20150925,4.45,4.48,4.26,4.33,4.47,-0.14,-3.13,326629.38,142413.86
601333.SH,20150928,4.34,4.37,4.24,4.34,4.33,0.01,0.23,224413.19,96687.766
601333.SH,20150929,4.29,4.29,4.19,4.22,4.34,-0.12,-2.77,318085.99,134758.804
601333.SH,20150930,4.24,4.29,4.23,4.23,4.22,0.01,0.24,237248.32,100979.781
601333.SH,20151008,4.36,4.43,4.31,4.37,4.23,0.14,3.31,401608.86,175787.093
601333.SH,20151009,4.38,4.49,4.34,4.44,4.37,0.07,1.6,400181.65,176446.802
601333.SH,20151012,4.44,4.67,4.42,4.62,4.44,0.18,4.05,809646.81,370042.722
601333.SH,20151013,4.57,4.63,4.55,4.61,4.62,-0.01,-0.22,489858.89,224763.532
601333.SH,20151014,4.6,4.68,4.56,4.61,4.61,0.0,0.0,638768.16,295724.741
601333.SH,20151015,4.61,4.7,4.58,4.69,4.61,0.08,1.74,758254.34,352377.52
601333.SH,20151016,4.8,4.84,4.68,4.75,4.69,0.06,1.28,882495.81,419293.871
601333.SH,20151019,4.76,4.78,4.6,4.66,4.75,-0.09,-1.89,701647.0,329253.955
601333.SH,20151020,4.66,4.74,4.62,4.73,4.66,0.07,1.5,584894.31,273443.106
601333.SH,20151021,4.75,4.88,4.44,4.52,4.73,-0.21,-4.44,1147954.61,543272.271
601333.SH,20151022,4.56,4.71,4.51,4.7,4.52,0.18,3.98,688760.8,318186.827
601333.SH,20151023,4.71,4.77,4.63,4.73,4.7,0.03,0.64,700302.48,329577.053
601333.SH,20151026,4.81,4.87,4.73,4.79,4.73,0.06,1.27,869907.93,418589.302
601333.SH,20151027,4.74,4.81,4.58,4.8,4.79,0.01,0.21,490297.27,230655.988
601333.SH,20151028,4.77,4.81,4.62,4.64,4.8,-0.16,-3.33,438142.38,206893.195
601333.SH,20151029,4.69,4.8,4.64,4.78,4.64,0.14,3.02,669044.33,317145.425
601333.SH,20151030,4.74,4.8,4.7,4.75,4.78,-0.03,-0.63,430047.85,204591.144
601333.SH,20151102,4.73,4.76,4.6,4.64,4.75,-0.11,-2.32,279066.8,131048.462
601333.SH,20151103,4.64,4.68,4.59,4.61,4.64,-0.03,-0.65,223375.66,103442.71
601333.SH,20151104,4.6,4.83,4.6,4.8,4.61,0.19,4.12,784678.35,372860.524
601333.SH,20151105,4.8,5.2,4.78,4.99,4.8,0.19,3.96,1636755.63,813654.294
601333.SH,20151106,4.92,5.1,4.92,5.07,4.99,0.08,1.6,994626.86,498544.618
601333.SH,20151109,5.01,5.23,5.0,5.15,5.07,0.08,1.58,1078734.42,555222.798
601333.SH,20151110,5.11,5.2,5.07,5.15,5.15,0.0,0.0,776107.52,397012.637
601333.SH,20151111,5.15,5.18,5.09,5.16,5.15,0.01,0.19,628323.71,322290.274
601333.SH,20151112,5.16,5.16,5.0,5.04,5.16,-0.12,-2.33,566174.74,286312.685
601333.SH,20151113,4.98,5.0,4.86,4.9,5.04,-0.14,-2.78,510138.03,251482.035
601333.SH,20151116,4.8,4.95,4.78,4.94,4.9,0.04,0.82,442207.25,215209.367
601333.SH,20151117,4.96,5.05,4.91,4.92,4.94,-0.02,-0.4,636697.64,317641.603
601333.SH,20151118,4.92,4.99,4.86,4.97,4.92,0.05,1.02,568072.88,279152.594
601333.SH,20151119,4.98,4.99,4.92,4.98,4.97,0.01,0.2,359014.95,177906.118
601333.SH,20151120,5.0,5.03,4.95,4.97,4.98,-0.01,-0.2,422669.25,210580.347
601333.SH,20151123,4.97,4.98,4.86,4.9,4.97,-0.07,-1.41,449128.0,221433.45
601333.SH,20151124,4.9,4.9,4.81,4.87,4.9,-0.03,-0.61,364413.8,176481.043
601333.SH,20151125,4.86,4.9,4.85,4.89,4.87,0.02,0.41,295119.06,143796.777
601333.SH,20151126,4.88,4.93,4.81,4.84,4.89,-0.05,-1.02,428089.78,209055.297
601333.SH,20151127,4.82,4.83,4.47,4.52,4.84,-0.32,-6.61,551714.38,258765.877
601333.SH,20151130,4.57,4.61,4.4,4.52,4.52,0.0,0.0,416689.08,188177.179
601333.SH,20151201,4.53,4.58,4.47,4.57,4.52,0.05,1.11,353810.05,160196.994
601333.SH,20151202,4.57,4.78,4.51,4.76,4.57,0.19,4.16,566273.32,264241.307
601333.SH,20151203,4.72,4.8,4.72,4.78,4.76,0.02,0.42,305722.4,145397.189
601333.SH,20151204,4.74,4.76,4.68,4.69,4.78,-0.09,-1.88,307331.7,145008.13
601333.SH,20151207,4.7,5.0,4.63,4.93,4.69,0.24,5.12,914454.31,447317.931
601333.SH,20151208,4.86,4.99,4.83,4.88,4.93,-0.05,-1.01,638909.33,314404.151
601333.SH,20151209,4.86,4.88,4.76,4.83,4.88,-0.05,-1.02,329962.88,159116.991
601333.SH,20151210,4.83,4.97,4.81,4.88,4.83,0.05,1.04,426709.91,209435.972
601333.SH,20151211,4.85,4.87,4.72,4.81,4.88,-0.07,-1.43,312520.22,150023.183
601333.SH,20151214,4.75,4.9,4.74,4.89,4.81,0.08,1.66,312314.3,150555.066
601333.SH,20151215,4.91,5.04,4.91,4.94,4.89,0.05,1.02,617213.59,307165.912
601333.SH,20151216,4.95,5.04,4.87,4.99,4.94,0.05,1.01,633146.21,314985.996
601333.SH,20151217,4.98,5.17,4.96,5.13,4.99,0.14,2.81,889307.73,455025.288
601333.SH,20151218,5.1,5.16,5.06,5.14,5.13,0.01,0.19,460761.1,235788.728
601333.SH,20151221,5.14,5.32,5.11,5.27,5.14,0.13,2.53,716255.75,376211.512
601333.SH,20151222,5.28,5.32,5.18,5.25,5.27,-0.02,-0.38,429594.17,225820.011
601333.SH,20151223,5.26,5.28,5.1,5.11,5.25,-0.14,-2.67,428231.83,222001.758
601333.SH,20151224,5.1,5.23,4.99,5.19,5.11,0.08,1.57,408655.01,208419.957
601333.SH,20151225,5.16,5.19,5.1,5.14,5.19,-0.05,-0.96,220495.17,113169.897
601333.SH,20151228,5.14,5.19,5.0,5.0,5.14,-0.14,-2.72,343632.69,174859.239
601333.SH,20151229,5.02,5.11,4.97,5.08,5.0,0.08,1.6,365819.62,184285.185
601333.SH,20151230,5.07,5.13,5.04,5.09,5.08,0.01,0.2,251947.61,127703.702
601333.SH,20151231,5.08,5.08,5.0,5.01,5.09,-0.08,-1.57,228632.77,115039.793
601333.SH,20160104,4.97,5.01,4.58,4.6,5.01,-0.41,-8.18,261426.08,126910.573
601333.SH,20160105,4.51,4.77,4.46,4.59,4.6,-0.01,-0.22,611499.29,281753.692
601333.SH,20160106,4.61,4.73,4.57,4.7,4.59,0.11,2.4,551818.3,256450.245
601333.SH,20160107,4.64,4.64,4.28,4.32,4.7,-0.38,-8.09,120097.0,54022.163
601333.SH,20160108,4.51,4.53,4.2,4.47,4.32,0.15,3.47,890548.93,392932.385
601333.SH,20160111,4.42,4.48,4.2,4.23,4.47,-0.24,-5.37,513406.05,224735.945
601333.SH,20160112,4.25,4.31,4.11,4.21,4.23,-0.02,-0.47,397833.68,167512.551
601333.SH,20160113,4.25,4.29,4.13,4.14,4.21,-0.07,-1.66,381637.25,161075.711
601333.SH,20160114,4.05,4.22,4.0,4.21,4.14,0.07,1.69,457957.29,187075.481
601333.SH,20160115,4.15,4.19,3.93,3.98,4.21,-0.23,-5.46,479250.46,192918.321
601333.SH,20160118,3.9,4.04,3.85,4.01,3.98,0.03,0.75,291393.27,115367.316
601333.SH,20160119,3.98,4.19,3.98,4.14,4.01,0.13,3.24,416884.48,171065.248
601333.SH,20160120,4.11,4.15,3.99,4.03,4.14,-0.11,-2.66,385446.3,157275.026
601333.SH,20160121,3.99,4.07,3.87,3.89,4.03,-0.14,-3.47,325222.07,129345.478
601333.SH,20160122,3.94,3.96,3.82,3.92,3.89,0.03,0.77,406278.25,157484.367
601333.SH,20160125,3.92,3.97,3.9,3.94,3.92,0.02,0.51,208951.2,82155.93
601333.SH,20160126,3.9,3.92,3.55,3.56,3.94,-0.38,-9.64,465626.03,174362.813
601333.SH,20160127,3.58,3.61,3.25,3.44,3.56,-0.12,-3.37,568362.57,195167.703
601333.SH,20160128,3.4,3.45,3.25,3.26,3.44,-0.18,-5.23,311495.15,104698.917
601333.SH,20160129,3.33,3.43,3.3,3.42,3.26,0.16,4.91,374036.55,126265.156
601333.SH,20160201,3.43,3.51,3.36,3.43,3.42,0.01,0.29,266066.61,91294.706
601333.SH,20160202,3.44,3.52,3.43,3.5,3.43,0.07,2.04,249923.99,87300.895
601333.SH,20160203,3.46,3.52,3.44,3.52,3.5,0.02,0.57,170233.5,59209.209
601333.SH,20160204,3.52,3.67,3.52,3.64,3.52,0.12,3.41,309204.18,111993.85
601333.SH,20160205,3.61,3.77,3.61,3.71,3.64,0.07,1.92,408214.22,152166.317
601333.SH,20160215,3.6,3.73,3.57,3.7,3.71,-0.01,-0.27,263913.93,96424.464
601333.SH,20160216,3.71,3.85,3.71,3.83,3.7,0.13,3.51,246591.9,93961.403
601333.SH,20160217,3.88,4.08,3.84,3.99,3.83,0.16,4.18,677039.22,269811.154
601333.SH,20160218,4.07,4.09,3.89,3.93,3.99,-0.06,-1.5,454125.77,179936.966
601333.SH,20160219,3.95,3.98,3.89,3.97,3.93,0.04,1.02,187313.79,73961.275
601333.SH,20160222,4.06,4.1,4.0,4.03,3.97,0.06,1.51,414269.9,167431.535
601333.SH,20160223,4.03,4.04,3.91,3.94,4.03,-0.09,-2.23,337015.38,133742.907
601333.SH,20160224,3.93,4.02,3.91,4.02,3.94,0.08,2.03,359250.25,142671.198
601333.SH,20160225,4.0,4.01,3.62,3.63,4.02,-0.39,-9.7,602638.87,229182.963
601333.SH,20160226,3.68,3.73,3.61,3.69,3.63,0.06,1.65,362700.86,133617.607
601333.SH,20160229,3.69,3.69,3.47,3.61,3.69,-0.08,-2.17,378232.3,134723.63
601333.SH,20160301,3.62,3.69,3.58,3.67,3.61,0.06,1.66,219219.48,79957.065
601333.SH,20160302,3.68,3.84,3.63,3.82,3.67,0.15,4.09,401993.92,150937.39
601333.SH,20160303,3.79,3.86,3.77,3.82,3.82,0.0,0.0,347857.82,132778.045
601333.SH,20160304,3.8,3.99,3.78,3.93,3.82,0.11,2.88,725845.02,282632.214
601333.SH,20160307,3.97,3.99,3.88,3.93,3.93,0.0,0.0,302700.35,118681.937
601333.SH,20160308,3.92,3.92,3.74,3.91,3.93,-0.02,-0.51,298710.55,114512.295
601333.SH,20160309,3.85,3.85,3.71,3.83,3.91,-0.08,-2.05,326247.58,123364.996
601333.SH,20160310,3.8,3.82,3.73,3.73,3.83,-0.1,-2.61,191996.21,72541.781
601333.SH,20160311,3.74,3.76,3.68,3.7,3.73,-0.03,-0.8,198103.97,73455.494
601333.SH,20160314,3.73,3.85,3.73,3.81,3.7,0.11,2.97,261656.51,99569.577
601333.SH,20160315,3.79,3.87,3.73,3.85,3.81,0.04,1.05,283043.55,107515.245
601333.SH,20160316,3.83,3.91,3.81,3.89,3.85,0.04,1.04,460680.97,178543.789
601333.SH,20160317,3.89,3.95,3.86,3.92,3.89,0.03,0.77,360465.23,140654.379
601333.SH,20160318,3.9,3.99,3.89,3.92,3.92,0.0,0.0,780748.95,307258.567
601333.SH,20160321,3.94,4.01,3.91,3.95,3.92,0.03,0.77,645309.7,255304.611
601333.SH,20160322,3.94,3.95,3.9,3.93,3.95,-0.02,-0.51,337989.04,132672.753
601333.SH,20160323,3.94,3.95,3.87,3.92,3.93,-0.01,-0.25,250299.19,97826.819
601333.SH,20160324,3.9,3.9,3.83,3.84,3.92,-0.08,-2.04,234658.83,90672.636
601333.SH,20160325,3.83,3.86,3.8,3.84,3.84,0.0,0.0,266709.28,102143.184
601333.SH,20160328,3.85,3.92,3.83,3.84,3.84,0.0,0.0,230825.35,89501.329
601333.SH,20160329,3.84,3.87,3.76,3.79,3.84,-0.05,-1.3,230131.42,87517.935
601333.SH,20160330,3.82,3.87,3.8,3.87,3.79,0.08,2.11,346493.44,133194.33
601333.SH,20160331,3.88,4.02,3.86,4.0,3.87,0.13,3.36,788487.41,310461.023
601333.SH,20160401,4.13,4.4,4.07,4.3,4.0,0.3,7.5,2011535.98,861899.276
601333.SH,20160405,4.22,4.3,4.11,4.29,4.3,-0.01,-0.23,1275342.34,538116.384
601333.SH,20160406,4.23,4.24,4.16,4.18,4.29,-0.11,-2.56,707586.5,296755.965
601333.SH,20160407,4.19,4.22,4.07,4.08,4.18,-0.1,-2.39,508928.3,210613.911
601333.SH,20160408,4.05,4.19,4.03,4.08,4.08,0.0,0.0,471111.26,193227.078
601333.SH,20160411,4.09,4.19,4.09,4.16,4.08,0.08,1.96,510852.73,212421.182
601333.SH,20160412,4.15,4.16,4.1,4.15,4.16,-0.01,-0.24,263090.02,108631.48
601333.SH,20160413,4.16,4.22,4.16,4.19,4.15,0.04,0.96,507231.78,213165.863
601333.SH,20160414,4.2,4.21,4.16,4.19,4.19,0.0,0.0,264148.69,110500.955
601333.SH,20160415,4.19,4.21,4.13,4.15,4.19,-0.04,-0.95,260520.42,108344.553
601333.SH,20160418,4.13,4.14,4.06,4.09,4.15,-0.06,-1.45,193930.71,79338.991
601333.SH,20160419,4.12,4.15,4.09,4.12,4.09,0.03,0.73,256807.17,105851.328
601333.SH,20160420,4.13,4.16,3.9,4.05,4.12,-0.07,-1.7,466984.71,187877.37
601333.SH,20160421,4.03,4.05,3.96,3.97,4.05,-0.08,-1.98,205019.2,82254.082
601333.SH,20160422,3.96,3.98,3.93,3.97,3.97,0.0,0.0,153247.02,60605.683
601333.SH,20160425,3.97,4.08,3.93,4.05,3.97,0.08,2.02,282548.47,113748.25
601333.SH,20160426,4.03,4.07,3.99,4.04,4.05,-0.01,-0.25,177341.98,71366.05
601333.SH,20160427,4.03,4.04,4.0,4.01,4.04,-0.03,-0.74,119540.83,48011.308
601333.SH,20160428,4.05,4.24,4.05,4.2,4.01,0.19,4.74,914872.38,381563.403
601333.SH,20160429,4.15,4.28,4.15,4.21,4.2,0.01,0.24,440573.8,185458.201
601333.SH,20160503,4.21,4.29,4.18,4.24,4.21,0.03,0.71,525498.96,222482.247
601333.SH,20160504,4.21,4.32,4.19,4.27,4.24,0.03,0.71,395010.46,168406.896
601333.SH,20160505,4.25,4.31,4.24,4.28,4.27,0.01,0.23,249302.03,106822.184
601333.SH,20160506,4.27,4.28,4.11,4.12,4.28,-0.16,-3.74,383837.92,160652.271
601333.SH,20160509,4.12,4.14,4.02,4.06,4.12,-0.06,-1.46,273812.85,111361.341
601333.SH,20160510,4.05,4.1,4.04,4.09,4.06,0.03,0.74,127665.86,51984.55
601333.SH,20160511,4.1,4.31,4.07,4.24,4.09,0.15,3.67,464316.24,195330.23
601333.SH,20160512,4.2,4.25,4.09,4.19,4.24,-0.05,-1.18,246566.6,102742.521
601333.SH,20160513,4.17,4.24,4.15,4.19,4.19,0.0,0.0,147489.52,61827.5
601333.SH,20160516,4.15,4.2,4.11,4.17,4.19,-0.02,-0.48,167953.32,69614.416
601333.SH,20160517,4.18,4.18,4.06,4.1,4.17,-0.07,-1.68,165821.99,68124.096
601333.SH,20160518,4.1,4.1,3.97,4.02,4.1,-0.08,-1.95,289188.65,116133.249
601333.SH,20160519,4.03,4.07,4.0,4.02,4.02,0.0,0.0,122453.11,49428.479
601333.SH,20160520,4.0,4.04,3.97,4.03,4.02,0.01,0.25,80155.74,32136.28
601333.SH,20160523,4.02,4.06,4.02,4.06,4.03,0.03,0.74,78273.71,31672.937
601333.SH,20160524,4.05,4.06,3.96,4.0,4.06,-0.06,-1.48,157180.56,62745.569
601333.SH,20160525,4.02,4.06,3.99,4.01,4.0,0.01,0.25,117169.8,47097.299
601333.SH,20160526,3.99,4.02,3.96,4.01,4.01,0.0,0.0,112176.55,44726.574
601333.SH,20160527,4.0,4.0,3.94,3.96,4.01,-0.05,-1.25,242397.88,96002.368
601333.SH,20160530,3.94,3.97,3.91,3.95,3.96,-0.01,-0.25,136660.13,53909.011
601333.SH,20160531,3.96,4.1,3.94,4.07,3.95,0.12,3.04,465501.11,188090.838
601333.SH,20160601,4.07,4.1,4.04,4.06,4.07,-0.01,-0.25,250185.97,101684.85
601333.SH,20160602,4.04,4.07,4.01,4.05,4.06,-0.01,-0.25,211351.26,85424.065
601333.SH,20160603,4.06,4.09,4.02,4.06,4.05,0.01,0.25,211711.39,85750.068
601333.SH,20160606,4.04,4.07,4.03,4.05,4.06,-0.01,-0.25,129940.91,52568.897
601333.SH,20160607,4.05,4.06,3.98,3.99,4.05,-0.06,-1.48,234729.91,93891.164
601333.SH,20160608,4.0,4.0,3.96,3.97,3.99,-0.02,-0.5,142266.9,56645.683
601333.SH,20160613,3.96,3.96,3.9,3.9,3.97,-0.07,-1.76,206976.9,81331.486
601333.SH,20160614,3.9,3.92,3.86,3.88,3.9,-0.02,-0.51,249110.11,96668.38
601333.SH,20160615,3.81,3.94,3.79,3.88,3.88,0.0,0.0,226150.17,87968.514
601333.SH,20160616,3.87,3.89,3.83,3.86,3.88,-0.02,-0.52,187362.63,72308.085
601333.SH,20160617,3.87,3.91,3.85,3.88,3.86,0.02,0.52,177414.05,68817.622
601333.SH,20160620,3.88,3.89,3.84,3.87,3.88,-0.01,-0.26,141004.4,54431.21
601333.SH,20160621,3.88,3.91,3.85,3.87,3.87,0.0,0.0,184071.68,71351.738
601333.SH,20160622,3.87,3.89,3.85,3.88,3.87,0.01,0.26,137643.7,53253.118
601333.SH,20160623,3.88,3.9,3.86,3.89,3.88,0.01,0.26,166286.32,64536.709
601333.SH,20160624,3.88,3.9,3.79,3.83,3.89,-0.06,-1.54,212940.0,81942.962
601333.SH,20160627,3.81,3.87,3.81,3.87,3.83,0.04,1.04,111647.99,42914.778
601333.SH,20160628,3.85,3.89,3.84,3.88,3.87,0.01,0.26,117292.81,45344.438
601333.SH,20160629,3.88,3.93,3.87,3.91,3.88,0.03,0.77,284840.99,111242.24
601333.SH,20160630,3.91,3.94,3.89,3.91,3.91,0.0,0.0,193774.49,75832.997
601333.SH,20160701,3.91,3.94,3.89,3.9,3.91,-0.01,-0.26,180647.0,70645.089
601333.SH,20160704,3.87,4.0,3.86,3.97,3.9,0.07,1.79,287526.79,113695.873
601333.SH,20160705,3.97,4.05,3.97,4.02,3.97,0.05,1.26,364808.89,146635.152
601333.SH,20160706,4.03,4.04,3.95,3.99,4.02,-0.03,-0.75,270248.44,107739.592
601333.SH,20160707,3.98,4.02,3.96,4.01,3.99,0.02,0.5,203569.13,81257.274
601333.SH,20160708,4.02,4.02,3.96,3.98,4.01,-0.03,-0.75,190095.31,75580.377
601333.SH,20160711,3.98,4.01,3.97,3.98,3.98,0.0,0.0,167772.95,66996.238
601333.SH,20160712,3.99,4.11,3.97,4.09,3.98,0.11,2.76,455561.98,184048.982
601333.SH,20160713,4.09,4.14,4.06,4.1,4.09,0.01,0.24,358687.53,146866.978
601333.SH,20160714,4.09,4.09,4.05,4.06,4.1,-0.04,-0.98,192773.1,78365.884
601333.SH,20160715,4.08,4.1,4.06,4.07,4.06,0.01,0.25,180735.99,73742.097
601333.SH,20160718,4.07,4.09,4.06,4.08,4.07,0.01,0.25,175048.61,71359.266
601333.SH,20160719,4.08,4.15,4.05,4.09,4.08,0.01,0.25,243852.25,99512.217
601333.SH,20160720,4.09,4.1,4.07,4.09,4.09,0.0,0.0,124311.77,50787.934
601333.SH,20160721,4.1,4.14,4.09,4.13,4.09,0.04,0.98,293355.24,120867.983
601333.SH,20160722,4.13,4.14,4.1,4.11,4.13,-0.02,-0.48,210069.46,86549.76
601333.SH,20160725,4.03,4.06,4.01,4.04,4.03,0.01,0.25,143726.89,57986.585
601333.SH,20160726,4.04,4.06,4.02,4.06,4.04,0.02,0.5,158310.52,64046.904
601333.SH,20160727,4.07,4.12,4.01,4.07,4.06,0.01,0.25,420273.53,170579.528
601333.SH,20160728,4.06,4.18,4.03,4.14,4.07,0.07,1.72,376659.81,155192.701
601333.SH,20160729,4.11,4.18,4.05,4.07,4.14,-0.07,-1.69,302006.17,124207.806
601333.SH,20160801,4.06,4.09,3.98,4.03,4.07,-0.04,-0.98,229470.61,92311.3
601333.SH,20160802,4.02,4.06,4.01,4.06,4.03,0.03,0.74,126561.93,51086.807
601333.SH,20160803,4.04,4.07,4.02,4.05,4.06,-0.01,-0.25,119439.39,48361.117
601333.SH,20160804,4.07,4.07,4.03,4.06,4.05,0.01,0.25,102199.32,41365.699
601333.SH,20160805,4.07,4.07,4.03,4.04,4.06,-0.02,-0.49,153661.33,62157.946
601333.SH,20160808,4.06,4.07,4.03,4.07,4.04,0.03,0.74,124344.44,50438.664
601333.SH,20160809,4.08,4.14,4.06,4.11,4.07,0.04,0.98,309180.5,126739.459
601333.SH,20160810,4.11,4.17,4.1,4.14,4.11,0.03,0.73,505615.19,209346.923
601333.SH,20160811,4.13,4.16,4.1,4.1,4.14,-0.04,-0.97,244278.0,101046.046
601333.SH,20160812,4.12,4.19,4.1,4.16,4.1,0.06,1.46,341391.52,141573.708
601333.SH,20160815,4.17,4.27,4.16,4.24,4.16,0.08,1.92,454873.5,192339.87
601333.SH,20160816,4.26,4.29,4.2,4.22,4.24,-0.02,-0.47,343423.31,145850.436
601333.SH,20160817,4.23,4.24,4.18,4.23,4.22,0.01,0.24,193408.79,81463.565
601333.SH,20160818,4.24,4.25,4.18,4.2,4.23,-0.03,-0.71,180986.77,76191.519
601333.SH,20160819,4.18,4.23,4.16,4.2,4.2,0.0,0.0,226329.19,95058.643
601333.SH,20160822,4.2,4.22,4.15,4.17,4.2,-0.03,-0.71,197793.83,82588.493
601333.SH,20160823,4.17,4.2,4.15,4.17,4.17,0.0,0.0,138572.61,57896.391
601333.SH,20160824,4.19,4.21,4.15,4.17,4.17,0.0,0.0,139439.57,58231.487
601333.SH,20160825,4.18,4.27,4.15,4.24,4.17,0.07,1.68,325845.86,137233.568
601333.SH,20160826,4.23,4.29,4.18,4.19,4.24,-0.05,-1.18,225281.26,95107.659
601333.SH,20160829,4.18,4.22,4.16,4.21,4.19,0.02,0.48,184529.02,77398.123
601333.SH,20160830,4.21,4.34,4.2,4.3,4.21,0.09,2.14,386262.5,165206.303
601333.SH,20160831,4.3,4.3,4.24,4.27,4.3,-0.03,-0.7,192165.78,81770.607
601333.SH,20160901,4.26,4.27,4.18,4.18,4.27,-0.09,-2.11,200791.73,84780.532
601333.SH,20160902,4.18,4.26,4.17,4.24,4.18,0.06,1.44,220033.56,92759.615
601333.SH,20160905,4.24,4.28,4.21,4.24,4.24,0.0,0.0,141150.49,59870.986
601333.SH,20160906,4.25,4.26,4.21,4.25,4.24,0.01,0.24,167516.41,71040.008
601333.SH,20160907,4.26,4.3,4.25,4.25,4.25,0.0,0.0,226753.19,96983.981
601333.SH,20160908,4.25,4.27,4.22,4.24,4.25,-0.01,-0.24,130303.71,55331.466
601333.SH,20160909,4.25,4.28,4.23,4.25,4.24,0.01,0.24,167038.65,71152.507
601333.SH,20160912,4.2,4.27,4.11,4.26,4.25,0.01,0.24,365672.03,152611.391
601333.SH,20160913,4.24,4.25,4.15,4.19,4.26,-0.07,-1.64,180349.22,75397.989
601333.SH,20160914,4.18,4.18,4.07,4.09,4.19,-0.1,-2.39,257809.22,105961.147
601333.SH,20160919,4.1,4.12,4.08,4.1,4.09,0.01,0.24,142267.96,58342.65
601333.SH,20160920,4.1,4.14,4.09,4.12,4.1,0.02,0.49,137361.84,56571.539
601333.SH,20160921,4.12,4.15,4.09,4.14,4.12,0.02,0.49,112752.84,46478.126
601333.SH,20160922,4.14,4.16,4.13,4.14,4.14,0.0,0.0,138627.38,57403.534
601333.SH,20160923,4.14,4.15,4.1,4.11,4.14,-0.03,-0.72,105807.18,43548.708
601333.SH,20160926,4.1,4.11,4.03,4.06,4.11,-0.05,-1.22,126880.02,51836.679
601333.SH,20160927,4.04,4.08,4.04,4.08,4.06,0.02,0.49,111829.25,45456.314
601333.SH,20160928,4.1,4.1,4.07,4.08,4.08,0.0,0.0,95343.67,38907.135
601333.SH,20160929,4.09,4.11,4.06,4.09,4.08,0.01,0.25,138849.82,56743.084
601333.SH,20160930,4.08,4.1,4.06,4.08,4.09,-0.01,-0.24,108021.01,44037.387
601333.SH,20161010,4.14,4.25,4.14,4.24,4.08,0.16,3.92,447367.34,188743.376
601333.SH,20161011,4.24,4.28,4.21,4.27,4.24,0.03,0.71,302456.37,128766.446
601333.SH,20161012,4.26,4.33,4.22,4.29,4.27,0.02,0.47,234083.19,100037.725
601333.SH,20161013,4.27,4.3,4.26,4.28,4.29,-0.01,-0.23,92741.89,39683.097
601333.SH,20161014,4.28,4.28,4.22,4.26,4.28,-0.02,-0.47,178754.81,75835.441
601333.SH,20161017,4.25,4.29,4.24,4.26,4.26,0.0,0.0,236372.38,100710.975
601333.SH,20161018,4.24,4.6,4.23,4.47,4.26,0.21,4.93,742535.92,327172.932
601333.SH,20161019,4.46,4.54,4.41,4.44,4.47,-0.03,-0.67,354080.58,158389.238
601333.SH,20161020,4.45,4.5,4.38,4.47,4.44,0.03,0.68,239218.64,106362.946
601333.SH,20161021,4.45,4.63,4.43,4.57,4.47,0.1,2.24,457092.82,207896.413
601333.SH,20161024,4.55,4.67,4.48,4.49,4.57,-0.08,-1.75,601637.44,275255.304
601333.SH,20161025,4.5,4.52,4.39,4.47,4.49,-0.02,-0.45,418984.4,185684.102
601333.SH,20161026,4.44,4.44,4.39,4.44,4.47,-0.03,-0.67,232129.97,102494.094
601333.SH,20161027,4.45,4.46,4.4,4.41,4.44,-0.03,-0.68,105373.26,46638.915
601333.SH,20161028,4.43,4.5,4.4,4.41,4.41,0.0,0.0,248576.53,110624.544
601333.SH,20161031,4.41,4.44,4.38,4.42,4.41,0.01,0.23,119745.0,52860.149
601333.SH,20161101,4.43,4.45,4.4,4.44,4.42,0.02,0.45,212999.21,94129.501
601333.SH,20161102,4.42,4.43,4.37,4.4,4.44,-0.04,-0.9,180628.44,79381.981
601333.SH,20161103,4.4,4.48,4.37,4.44,4.4,0.04,0.91,338054.27,149288.725
601333.SH,20161104,4.41,4.42,4.35,4.36,4.44,-0.08,-1.8,193080.35,84628.859
601333.SH,20161107,4.36,4.39,4.32,4.34,4.36,-0.02,-0.46,111179.84,48449.998
601333.SH,20161108,4.37,4.4,4.34,4.4,4.34,0.06,1.38,196003.32,85837.61
601333.SH,20161109,4.38,4.4,4.3,4.36,4.4,-0.04,-0.91,246821.85,107320.108
601333.SH,20161110,4.36,4.43,4.36,4.42,4.36,0.06,1.38,265922.69,116894.82
601333.SH,20161111,4.43,4.5,4.4,4.47,4.42,0.05,1.13,327069.95,145800.526
601333.SH,20161114,4.45,4.58,4.44,4.52,4.47,0.05,1.12,397927.01,179608.292
601333.SH,20161115,4.52,4.63,4.5,4.53,4.52,0.01,0.22,392071.17,178920.047
601333.SH,20161116,4.52,4.53,4.45,4.49,4.53,-0.04,-0.88,250879.67,112385.819
601333.SH,20161117,4.49,4.53,4.46,4.52,4.49,0.03,0.67,306223.34,137670.479
601333.SH,20161118,4.51,4.55,4.46,4.48,4.52,-0.04,-0.89,216424.28,97388.064
601333.SH,20161121,4.45,4.53,4.45,4.49,4.48,0.01,0.22,250340.16,112598.883
601333.SH,20161122,4.49,4.52,4.48,4.5,4.49,0.01,0.22,220861.77,99376.545
601333.SH,20161123,4.5,4.52,4.45,4.47,4.5,-0.03,-0.67,222029.2,99601.212
601333.SH,20161124,4.48,4.5,4.44,4.48,4.47,0.01,0.22,245577.93,109762.358
601333.SH,20161125,4.48,4.54,4.44,4.49,4.48,0.01,0.22,283336.2,126745.562
601333.SH,20161128,4.49,4.56,4.48,4.52,4.49,0.03,0.67,456911.75,206535.289
601333.SH,20161129,4.52,4.63,4.5,4.57,4.52,0.05,1.11,734565.99,335669.058
601333.SH,20161130,4.54,4.57,4.48,4.52,4.57,-0.05,-1.09,407854.77,184111.118
601333.SH,20161201,4.52,4.74,4.49,4.68,4.52,0.16,3.54,861709.16,396357.915
601333.SH,20161202,4.7,5.0,4.69,4.99,4.68,0.31,6.62,2078192.76,1012173.63
601333.SH,20161205,4.88,5.01,4.84,4.99,4.99,0.0,0.0,1025480.65,506729.795
601333.SH,20161206,4.98,4.98,4.84,4.85,4.99,-0.14,-2.81,527770.12,259179.206
601333.SH,20161207,4.86,4.93,4.76,4.92,4.85,0.07,1.44,604707.51,292514.37
601333.SH,20161208,4.91,4.95,4.81,4.92,4.92,0.0,0.0,463661.99,226003.041
601333.SH,20161209,4.89,4.93,4.81,4.87,4.92,-0.05,-1.02,291484.74,141610.339
601333.SH,20161212,4.83,4.86,4.65,4.72,4.87,-0.15,-3.08,636229.8,301120.546
601333.SH,20161213,4.7,4.74,4.56,4.64,4.72,-0.08,-1.69,356625.08,165460.28
601333.SH,20161214,4.63,4.69,4.61,4.61,4.64,-0.03,-0.65,306641.44,142889.701
601333.SH,20161215,4.6,4.68,4.56,4.62,4.61,0.01,0.22,362552.96,167810.933
601333.SH,20161216,4.62,4.75,4.61,4.73,4.62,0.11,2.38,237033.15,111498.234
601333.SH,20161219,4.77,5.2,4.76,5.07,4.73,0.34,7.19,861146.48,433949.016
601333.SH,20161220,4.99,5.05,4.85,4.86,5.07,-0.21,-4.14,761698.86,376893.985
601333.SH,20161221,4.9,5.33,4.9,5.27,4.86,0.41,8.44,1211257.68,624850.008
601333.SH,20161222,5.22,5.45,5.15,5.23,5.27,-0.04,-0.76,1014698.32,536574.65
601333.SH,20161223,5.32,5.41,5.24,5.3,5.23,0.07,1.34,996048.43,530898.427
601333.SH,20161226,5.25,5.33,5.11,5.31,5.3,0.01,0.19,742409.92,387685.783
601333.SH,20161227,5.29,5.31,5.17,5.19,5.31,-0.12,-2.26,471983.0,246685.363
601333.SH,20161228,5.19,5.26,5.1,5.2,5.19,0.01,0.19,424318.17,219514.047
601333.SH,20161229,5.17,5.2,5.11,5.13,5.2,-0.07,-1.35,238924.59,123032.017
601333.SH,20161230,5.13,5.18,5.05,5.07,5.13,-0.06,-1.17,312821.26,159952.54
601333.SH,20170103,5.12,5.29,5.04,5.25,5.07,0.18,3.55,630787.03,328049.429
601333.SH,20170104,5.33,5.53,5.3,5.4,5.25,0.15,2.86,1213400.59,655855.134
601333.SH,20170105,5.35,5.89,5.31,5.71,5.4,0.31,5.74,1519448.94,847117.514
601333.SH,20170106,5.65,5.88,5.59,5.61,5.71,-0.1,-1.75,1352636.55,772109.134
601333.SH,20170109,5.64,5.79,5.56,5.77,5.61,0.16,2.85,983576.82,559211.283
601333.SH,20170110,5.71,5.75,5.59,5.61,5.77,-0.16,-2.77,710151.62,402830.525
601333.SH,20170111,5.56,5.65,5.44,5.48,5.61,-0.13,-2.32,716932.03,396915.624
601333.SH,20170112,5.46,5.57,5.36,5.47,5.48,-0.01,-0.18,655388.5,358787.684
601333.SH,20170113,5.48,5.57,5.39,5.53,5.47,0.06,1.1,680301.56,374151.463
601333.SH,20170116,5.54,5.68,5.39,5.61,5.53,0.08,1.45,1089430.77,602747.586
601333.SH,20170117,5.57,5.68,5.53,5.66,5.61,0.05,0.89,584818.89,328350.575
601333.SH,20170118,5.64,5.74,5.59,5.59,5.66,-0.07,-1.24,499795.08,283369.789
601333.SH,20170119,5.61,5.62,5.47,5.48,5.59,-0.11,-1.97,426266.73,235314.399
601333.SH,20170120,5.45,5.53,5.45,5.5,5.48,0.02,0.37,347684.66,191081.822
601333.SH,20170123,5.49,5.53,5.42,5.45,5.5,-0.05,-0.91,550009.74,300925.571
601333.SH,20170124,5.45,5.48,5.39,5.44,5.45,-0.01,-0.18,348414.19,189507.068
601333.SH,20170125,5.42,5.47,5.41,5.46,5.44,0.02,0.37,282067.67,153611.084
601333.SH,20170126,5.46,5.57,5.45,5.53,5.46,0.07,1.28,347992.67,192348.58
601333.SH,20170203,5.49,5.52,5.45,5.47,5.53,-0.06,-1.09,261762.91,143504.817
601333.SH,20170206,5.46,5.48,5.2,5.28,5.47,-0.19,-3.47,998860.85,530067.205
601333.SH,20170207,5.27,5.29,5.2,5.28,5.28,0.0,0.0,392393.09,205780.815
601333.SH,20170208,5.26,5.34,5.17,5.32,5.28,0.04,0.76,582240.26,306550.603
601333.SH,20170209,5.29,5.35,5.24,5.3,5.32,-0.02,-0.38,504521.66,266506.305
601333.SH,20170210,5.28,5.35,5.27,5.3,5.3,0.0,0.0,518849.49,274987.979
601333.SH,20170213,5.26,5.37,5.26,5.33,5.3,0.03,0.57,597400.76,318578.057
601333.SH,20170214,5.7,5.83,5.45,5.51,5.33,0.18,3.38,1061662.6,587072.294
601333.SH,20170215,5.52,5.53,5.38,5.41,5.51,-0.1,-1.81,835898.73,454692.254
601333.SH,20170216,5.4,5.52,5.38,5.45,5.41,0.04,0.74,624296.14,341005.216
601333.SH,20170217,5.44,5.48,5.36,5.4,5.45,-0.05,-0.92,588052.16,317872.301
601333.SH,20170220,5.37,5.51,5.36,5.42,5.4,0.02,0.37,1049099.99,569138.5
601333.SH,20170221,5.43,5.46,5.41,5.44,5.42,0.02,0.37,400765.02,217631.898
601333.SH,20170222,5.44,5.44,5.37,5.41,5.44,-0.03,-0.55,383923.71,207418.091
601333.SH,20170223,5.41,5.41,5.3,5.35,5.41,-0.06,-1.11,527049.49,282034.12
601333.SH,20170224,5.34,5.45,5.29,5.38,5.35,0.03,0.56,582671.68,312274.537
601333.SH,20170227,5.37,5.38,5.3,5.31,5.38,-0.07,-1.3,368211.19,196447.098
601333.SH,20170228,5.32,5.36,5.3,5.32,5.31,0.01,0.19,234005.29,124562.509
601333.SH,20170301,5.34,5.38,5.3,5.36,5.32,0.04,0.75,366563.34,195924.187
601333.SH,20170302,5.35,5.35,5.31,5.31,5.36,-0.05,-0.93,208044.36,110763.321
601333.SH,20170303,5.29,5.31,5.24,5.27,5.31,-0.04,-0.75,252314.56,132887.909
601333.SH,20170306,5.28,5.32,5.25,5.3,5.27,0.03,0.57,250154.45,132174.561
601333.SH,20170307,5.3,5.31,5.24,5.29,5.3,-0.01,-0.19,209891.47,110772.381
601333.SH,20170308,5.27,5.36,5.24,5.35,5.29,0.06,1.13,425809.36,226531.928
601333.SH,20170309,5.33,5.38,5.3,5.36,5.35,0.01,0.19,320277.08,171340.784
601333.SH,20170310,5.35,5.44,5.35,5.39,5.36,0.03,0.56,490722.98,265453.226
601333.SH,20170313,5.39,5.43,5.33,5.43,5.39,0.04,0.74,337001.98,181739.388
601333.SH,20170314,5.43,5.45,5.31,5.33,5.43,-0.1,-1.84,441183.8,236809.894
601333.SH,20170315,5.31,5.31,5.17,5.19,5.33,-0.14,-2.63,621590.84,324054.086
601333.SH,20170316,5.19,5.28,5.17,5.25,5.19,0.06,1.16,339913.31,178227.475
601333.SH,20170317,5.26,5.27,5.2,5.2,5.25,-0.05,-0.95,280935.71,146949.726
601333.SH,20170320,5.21,5.23,5.14,5.18,5.2,-0.02,-0.38,263989.18,136774.059
601333.SH,20170321,5.18,5.2,5.14,5.19,5.18,0.01,0.19,223728.44,115773.849
601333.SH,20170322,5.17,5.23,5.15,5.22,5.19,0.03,0.58,217417.35,112795.389
601333.SH,20170323,5.22,5.23,5.15,5.17,5.22,-0.05,-0.96,209100.93,108629.992
601333.SH,20170324,5.2,5.28,5.15,5.28,5.17,0.11,2.13,424406.14,221849.614
601333.SH,20170327,5.34,5.44,5.31,5.36,5.28,0.08,1.52,605078.72,324620.243
601333.SH,20170328,5.35,5.37,5.25,5.27,5.36,-0.09,-1.68,238721.54,126159.31
601333.SH,20170329,5.28,5.37,5.22,5.3,5.27,0.03,0.57,353520.63,187555.026
601333.SH,20170330,5.23,5.34,5.1,5.22,5.3,-0.08,-1.51,446222.1,233286.129
601333.SH,20170331,5.23,5.24,5.14,5.2,5.22,-0.02,-0.38,252810.99,130856.029
601333.SH,20170405,5.2,5.28,5.19,5.27,5.2,0.07,1.35,299902.23,157307.866
601333.SH,20170406,5.3,5.53,5.28,5.45,5.27,0.18,3.42,1006058.24,546049.771
601333.SH,20170407,5.44,5.5,5.4,5.43,5.45,-0.02,-0.37,549710.0,299845.214
601333.SH,20170410,5.44,5.54,5.4,5.49,5.43,0.06,1.11,638130.7,349186.927
601333.SH,20170411,5.51,5.6,5.36,5.56,5.49,0.07,1.28,845772.92,465076.367
601333.SH,20170412,5.62,5.87,5.58,5.59,5.56,0.03,0.54,1573439.04,896672.956
601333.SH,20170413,5.59,5.59,5.45,5.54,5.59,-0.05,-0.89,622238.46,343298.273
601333.SH,20170414,5.51,5.51,5.4,5.41,5.54,-0.13,-2.35,549817.87,299407.723
601333.SH,20170417,5.44,5.52,5.29,5.39,5.41,-0.02,-0.37,548328.31,295438.57
601333.SH,20170418,5.38,5.42,5.31,5.35,5.39,-0.04,-0.74,316482.6,170091.985
601333.SH,20170419,5.31,5.34,5.2,5.24,5.35,-0.11,-2.06,471174.6,247840.54
601333.SH,20170420,5.25,5.32,5.22,5.31,5.24,0.07,1.34,288314.77,151922.823
601333.SH,20170421,5.3,5.32,5.18,5.19,5.31,-0.12,-2.26,365048.26,190757.403
601333.SH,20170424,5.2,5.2,5.01,5.03,5.19,-0.16,-3.08,387069.76,196961.431
601333.SH,20170425,5.03,5.12,5.0,5.02,5.03,-0.01,-0.2,311470.53,157833.952
601333.SH,20170426,5.02,5.06,4.99,5.0,5.02,-0.02,-0.4,247352.01,124165.099
601333.SH,20170427,4.89,4.92,4.55,4.78,5.0,-0.22,-4.4,714913.5,339118.195
601333.SH,20170428,4.75,4.8,4.68,4.7,4.78,-0.08,-1.67,382586.56,180802.274
601333.SH,20170502,4.72,4.72,4.64,4.67,4.7,-0.03,-0.64,272516.88,127519.953
601333.SH,20170503,4.67,4.7,4.61,4.62,4.67,-0.05,-1.07,263900.32,123081.335
601333.SH,20170504,4.62,4.65,4.58,4.62,4.62,0.0,0.0,223771.28,103313.685
601333.SH,20170505,4.61,4.67,4.59,4.64,4.62,0.02,0.43,263156.44,121948.483
601333.SH,20170508,4.65,4.67,4.39,4.41,4.64,-0.23,-4.96,431418.69,195987.905
601333.SH,20170509,4.41,4.48,4.39,4.45,4.41,0.04,0.91,250950.74,111369.831
601333.SH,20170510,4.46,4.47,4.31,4.33,4.45,-0.12,-2.7,213762.47,94335.727
601333.SH,20170511,4.31,4.33,4.15,4.22,4.33,-0.11,-2.54,490676.15,207734.486
601333.SH,20170512,4.23,4.27,4.21,4.25,4.22,0.03,0.71,251884.14,106918.038
601333.SH,20170515,4.27,4.32,4.26,4.26,4.25,0.01,0.24,405336.01,173609.289
601333.SH,20170516,4.25,4.39,4.24,4.37,4.26,0.11,2.58,424667.76,183298.692
601333.SH,20170517,4.38,4.49,4.36,4.41,4.37,0.04,0.92,466339.3,207129.803
601333.SH,20170518,4.38,4.45,4.35,4.41,4.41,0.0,0.0,188727.3,83106.499
601333.SH,20170519,4.41,4.44,4.4,4.42,4.41,0.01,0.23,148645.9,65632.189
601333.SH,20170522,4.41,4.41,4.28,4.29,4.42,-0.13,-2.94,297736.72,129340.114
601333.SH,20170523,4.29,4.3,4.2,4.24,4.29,-0.05,-1.17,274849.4,116513.698
601333.SH,20170524,4.24,4.26,4.19,4.24,4.24,0.0,0.0,264611.83,111777.268
601333.SH,20170525,4.24,4.37,4.23,4.37,4.24,0.13,3.07,414652.73,178584.184
601333.SH,20170526,4.35,4.39,4.33,4.36,4.37,-0.01,-0.23,264057.3,115098.619
601333.SH,20170531,4.4,4.42,4.33,4.35,4.36,-0.01,-0.23,307400.96,134283.277
601333.SH,20170601,4.35,4.37,4.31,4.31,4.35,-0.04,-0.92,165654.09,71900.631
601333.SH,20170602,4.31,4.36,4.24,4.3,4.31,-0.01,-0.23,266734.73,114613.736
601333.SH,20170605,4.31,4.35,4.3,4.35,4.3,0.05,1.16,190653.26,82587.035
601333.SH,20170606,4.33,4.36,4.3,4.32,4.35,-0.03,-0.69,166476.47,72022.3
601333.SH,20170607,4.32,4.43,4.31,4.4,4.32,0.08,1.85,368305.36,161226.144
601333.SH,20170608,4.39,4.45,4.38,4.4,4.4,0.0,0.0,328372.81,144807.359
601333.SH,20170609,4.4,4.47,4.39,4.42,4.4,0.02,0.45,255015.36,112763.809
601333.SH,20170612,4.42,4.53,4.35,4.44,4.42,0.02,0.45,450476.81,200055.956
601333.SH,20170613,4.4,4.46,4.4,4.45,4.44,0.01,0.23,240031.36,106359.383
601333.SH,20170614,4.44,4.45,4.4,4.42,4.45,-0.03,-0.67,197294.69,87222.431
601333.SH,20170615,4.42,4.49,4.41,4.44,4.42,0.02,0.45,355258.65,158104.811
601333.SH,20170616,4.44,4.48,4.43,4.43,4.44,-0.01,-0.23,163896.11,72930.821
601333.SH,20170619,4.44,4.49,4.42,4.47,4.43,0.04,0.9,299534.42,133872.322
601333.SH,20170620,4.48,4.5,4.45,4.48,4.47,0.01,0.22,197789.07,88401.27
601333.SH,20170621,4.5,4.51,4.45,4.48,4.48,0.0,0.0,237138.23,106203.249
601333.SH,20170622,4.48,4.54,4.45,4.46,4.48,-0.02,-0.45,383219.08,172091.878
601333.SH,20170623,4.45,4.45,4.37,4.43,4.46,-0.03,-0.67,278437.27,122706.053
601333.SH,20170626,4.43,4.51,4.42,4.49,4.43,0.06,1.35,343451.96,153691.078
601333.SH,20170627,4.49,4.62,4.48,4.57,4.49,0.08,1.78,591833.48,269846.949
601333.SH,20170628,4.55,4.57,4.49,4.51,4.57,-0.06,-1.31,304202.59,137689.626
601333.SH,20170629,4.52,4.57,4.51,4.54,4.51,0.03,0.67,210335.81,95352.225
601333.SH,20170630,4.53,4.53,4.49,4.52,4.54,-0.02,-0.44,179351.12,80841.259
601333.SH,20170703,4.52,4.54,4.48,4.51,4.52,-0.01,-0.22,326371.0,146896.148
601333.SH,20170704,4.52,4.52,4.47,4.47,4.51,-0.04,-0.89,168731.46,75793.557
601333.SH,20170705,4.47,4.52,4.46,4.51,4.47,0.04,0.89,192061.66,86328.716
601333.SH,20170706,4.51,4.54,4.49,4.51,4.51,0.0,0.0,378879.85,170938.962
601333.SH,20170707,4.5,4.55,4.48,4.55,4.51,0.04,0.89,346650.42,156517.296
601333.SH,20170710,4.53,4.57,4.51,4.55,4.55,0.0,0.0,285645.85,129691.228
601333.SH,20170711,4.53,4.55,4.5,4.51,4.55,-0.04,-0.88,207448.0,93820.313
601333.SH,20170712,4.5,4.52,4.45,4.48,4.51,-0.03,-0.67,331424.0,148224.542
601333.SH,20170713,4.48,4.54,4.46,4.53,4.48,0.05,1.12,218264.8,98496.333
601333.SH,20170714,4.53,4.57,4.52,4.55,4.53,0.02,0.44,307421.2,139747.545
601333.SH,20170717,4.6,4.89,4.51,4.68,4.55,0.13,2.86,1260501.21,589502.153
601333.SH,20170718,4.61,4.8,4.58,4.79,4.68,0.11,2.35,880840.9,415296.778
601333.SH,20170719,4.8,4.89,4.76,4.88,4.79,0.09,1.88,852524.84,414106.591
601333.SH,20170720,4.88,4.92,4.83,4.9,4.88,0.02,0.41,501742.21,244868.664
601333.SH,20170721,4.89,5.01,4.84,4.94,4.9,0.04,0.82,625465.7,308461.205
601333.SH,20170724,4.92,5.09,4.9,4.99,4.94,0.05,1.01,589369.84,295811.125
601333.SH,20170725,5.01,5.03,4.91,4.92,4.99,-0.07,-1.4,391782.06,194041.214
601333.SH,20170726,4.94,4.99,4.9,4.97,4.92,0.05,1.02,419632.69,207432.213
601333.SH,20170727,4.94,4.97,4.88,4.9,4.97,-0.07,-1.41,394055.48,193828.572
601333.SH,20170728,4.91,4.92,4.88,4.91,4.9,0.01,0.2,213156.72,104483.804
601333.SH,20170731,4.92,4.98,4.87,4.97,4.91,0.06,1.22,380616.76,187964.135
601333.SH,20170801,4.97,4.99,4.94,4.99,4.97,0.02,0.4,311234.51,154584.2
601333.SH,20170802,5.0,5.06,4.91,4.91,4.99,-0.08,-1.6,345266.0,172009.201
601333.SH,20170803,4.9,5.03,4.88,4.96,4.91,0.05,1.02,359833.09,178239.547
601333.SH,20170804,4.96,5.22,4.93,5.19,4.96,0.23,4.64,1156303.91,591687.218
601333.SH,20170807,5.16,5.2,5.07,5.18,5.19,-0.01,-0.19,562927.81,289031.011
601333.SH,20170808,5.18,5.2,5.1,5.15,5.18,-0.03,-0.58,413203.26,211933.17
601333.SH,20170809,5.15,5.19,5.04,5.06,5.15,-0.09,-1.75,436795.07,222669.092
601333.SH,20170810,5.08,5.33,5.03,5.26,5.06,0.2,3.95,920044.27,480896.998
601333.SH,20170811,5.21,5.32,5.02,5.08,5.26,-0.18,-3.42,670673.05,344884.553
601333.SH,20170814,5.04,5.08,4.98,5.07,5.0,0.07,1.4,308524.13,155117.701
601333.SH,20170815,5.04,5.18,5.04,5.14,5.07,0.07,1.38,315303.25,161255.207
601333.SH,20170816,5.16,5.28,5.11,5.26,5.14,0.12,2.33,587172.4,305978.361
601333.SH,20170817,5.36,5.46,5.25,5.28,5.26,0.02,0.38,815356.49,436548.811
601333.SH,20170818,5.26,5.59,5.22,5.55,5.28,0.27,5.11,1270134.76,693682.975
601333.SH,20170821,5.72,5.81,5.47,5.48,5.55,-0.07,-1.26,1548736.14,873502.438
601333.SH,20170822,5.48,5.48,5.26,5.27,5.48,-0.21,-3.83,1218060.83,647910.803
601333.SH,20170823,5.25,5.25,5.08,5.11,5.27,-0.16,-3.04,909162.96,467502.518
601333.SH,20170824,5.15,5.22,5.06,5.13,5.11,0.02,0.39,710186.42,365101.526
601333.SH,20170825,5.03,5.17,5.01,5.15,5.13,0.02,0.39,641851.22,327883.73
601333.SH,20170828,5.17,5.35,5.16,5.31,5.15,0.16,3.11,876703.16,462744.321
601333.SH,20170829,5.26,5.43,5.22,5.35,5.31,0.04,0.75,950131.16,505843.765
601333.SH,20170830,5.31,5.33,5.24,5.32,5.35,-0.03,-0.56,511796.01,270589.013
601333.SH,20170831,5.3,5.3,5.16,5.22,5.32,-0.1,-1.88,552799.73,288391.892
601333.SH,20170901,5.22,5.27,5.18,5.22,5.22,0.0,0.0,421591.9,219753.159
601333.SH,20170904,5.19,5.2,5.13,5.18,5.22,-0.04,-0.77,366688.72,189288.795
601333.SH,20170905,5.18,5.18,5.02,5.09,5.18,-0.09,-1.74,558233.14,283962.742
601333.SH,20170906,5.06,5.13,5.02,5.09,5.09,0.0,0.0,382648.47,194270.953
601333.SH,20170907,5.08,5.18,5.04,5.13,5.09,0.04,0.79,456235.65,234040.888
601333.SH,20170908,5.1,5.21,5.1,5.16,5.13,0.03,0.58,393464.28,202940.19
601333.SH,20170911,5.16,5.31,5.13,5.3,5.16,0.14,2.71,711627.64,374009.141
601333.SH,20170912,5.28,5.36,5.25,5.33,5.3,0.03,0.57,611182.74,324730.299
601333.SH,20170913,5.32,5.32,5.22,5.26,5.33,-0.07,-1.31,295368.34,155665.012
601333.SH,20170914,5.28,5.4,5.25,5.4,5.26,0.14,2.66,597580.33,318334.425
601333.SH,20170915,5.41,5.55,5.34,5.36,5.4,-0.04,-0.74,672334.31,366217.481
601333.SH,20170918,5.32,5.32,5.23,5.23,5.36,-0.13,-2.43,490359.06,258411.813
601333.SH,20170919,5.23,5.3,5.23,5.25,5.23,0.02,0.38,276869.01,146014.502
601333.SH,20170920,5.25,5.29,5.25,5.26,5.25,0.01,0.19,205804.76,108514.827
601333.SH,20170921,5.27,5.34,5.25,5.26,5.26,0.0,0.0,227035.05,120298.882
601333.SH,20170922,5.26,5.28,5.15,5.15,5.26,-0.11,-2.09,274316.67,143030.261
601333.SH,20170925,5.16,5.19,5.02,5.05,5.15,-0.1,-1.94,426233.15,216659.041
601333.SH,20170926,5.02,5.1,5.02,5.08,5.05,0.03,0.59,186722.44,94461.059
601333.SH,20170927,5.08,5.09,5.05,5.07,5.08,-0.01,-0.2,147698.01,74909.28
601333.SH,20170928,5.08,5.09,5.03,5.04,5.07,-0.03,-0.59,175286.68,88662.945
601333.SH,20170929,5.03,5.08,5.03,5.06,5.04,0.02,0.4,141648.98,71715.012
601333.SH,20171009,5.11,5.15,5.05,5.13,5.06,0.07,1.38,317984.13,162283.596
601333.SH,20171010,5.12,5.17,5.11,5.14,5.13,0.01,0.19,128917.25,66221.448
601333.SH,20171011,5.14,5.14,5.08,5.09,5.14,-0.05,-0.97,199783.36,101813.065
601333.SH,20171012,5.09,5.1,5.03,5.06,5.09,-0.03,-0.59,201846.02,102006.489
601333.SH,20171013,5.06,5.07,4.99,5.03,5.06,-0.03,-0.59,197981.91,99563.6
601333.SH,20171016,5.04,5.06,4.89,4.91,5.03,-0.12,-2.39,440242.83,219006.684
601333.SH,20171017,4.91,4.92,4.81,4.83,4.91,-0.08,-1.63,304883.39,147555.039
601333.SH,20171018,4.84,4.85,4.77,4.83,4.83,0.0,0.0,226010.21,108652.811
601333.SH,20171019,4.8,4.86,4.78,4.8,4.83,-0.03,-0.62,173051.03,83359.798
601333.SH,20171020,4.8,4.84,4.79,4.82,4.8,0.02,0.42,128870.15,62107.27
601333.SH,20171023,4.82,4.88,4.81,4.85,4.82,0.03,0.62,166626.34,80869.995
601333.SH,20171024,4.85,4.85,4.79,4.8,4.85,-0.05,-1.03,158532.53,76152.764
601333.SH,20171025,4.79,4.85,4.79,4.8,4.8,0.0,0.0,159556.65,76767.925
601333.SH,20171026,4.8,5.0,4.79,4.97,4.8,0.17,3.54,491552.29,241200.76
601333.SH,20171027,4.96,4.99,4.93,4.96,4.97,-0.01,-0.2,251777.12,124809.297
601333.SH,20171030,4.95,5.0,4.87,4.94,4.96,-0.02,-0.4,273578.14,135039.004
601333.SH,20171031,4.94,5.04,4.93,5.04,4.94,0.1,2.02,377908.49,189095.133
601333.SH,20171101,5.05,5.05,4.94,4.97,5.04,-0.07,-1.39,385925.78,192508.015
601333.SH,20171102,4.94,4.98,4.89,4.89,4.97,-0.08,-1.61,192525.6,94936.67
601333.SH,20171103,4.87,4.9,4.77,4.82,4.89,-0.07,-1.43,198526.14,95708.7
601333.SH,20171106,4.81,4.91,4.79,4.87,4.82,0.05,1.04,175118.2,85039.046
601333.SH,20171107,4.87,4.9,4.81,4.89,4.87,0.02,0.41,202139.7,98207.461
601333.SH,20171108,4.89,5.03,4.87,4.98,4.89,0.09,1.84,486447.47,241145.95
601333.SH,20171109,4.99,5.08,4.97,5.05,4.98,0.07,1.41,523346.89,264029.221
601333.SH,20171110,5.06,5.12,5.03,5.04,5.05,-0.01,-0.2,568249.19,288452.806
601333.SH,20171113,5.05,5.1,5.0,5.09,5.04,0.05,0.99,412689.25,208663.458
601333.SH,20171114,5.06,5.08,4.98,4.99,5.09,-0.1,-1.96,234524.59,117713.568
601333.SH,20171115,4.97,5.04,4.93,4.93,4.99,-0.06,-1.2,207482.0,103243.436
601333.SH,20171116,4.94,4.98,4.9,4.95,4.93,0.02,0.41,171524.61,84690.942
601333.SH,20171117,4.93,5.0,4.79,4.81,4.95,-0.14,-2.83,440019.22,213630.606
601333.SH,20171120,4.82,4.88,4.68,4.85,4.81,0.04,0.83,266503.21,127516.48
601333.SH,20171121,4.84,4.89,4.79,4.87,4.85,0.02,0.41,243044.11,117627.74
601333.SH,20171122,4.88,5.0,4.85,4.99,4.87,0.12,2.46,405702.23,199664.915
601333.SH,20171123,4.98,4.99,4.87,4.89,4.99,-0.1,-2.0,292496.17,144371.456
601333.SH,20171124,4.87,4.88,4.8,4.86,4.89,-0.03,-0.61,165390.06,80097.034
601333.SH,20171127,4.86,4.96,4.8,4.93,4.86,0.07,1.44,325399.75,159758.094
601333.SH,20171128,4.9,5.05,4.87,5.04,4.93,0.11,2.23,345590.01,172081.535
601333.SH,20171129,5.04,5.06,4.98,5.04,5.04,0.0,0.0,219396.73,110117.528
601333.SH,20171130,5.04,5.05,4.99,5.03,5.04,-0.01,-0.2,163284.07,81921.467
601333.SH,20171201,5.02,5.09,4.98,5.08,5.03,0.05,0.99,258854.41,130777.958
601333.SH,20171204,5.09,5.19,5.06,5.11,5.08,0.03,0.59,412420.39,211568.595
601333.SH,20171205,5.1,5.16,4.99,5.03,5.11,-0.08,-1.57,320330.14,162455.844
601333.SH,20171206,5.03,5.07,4.95,5.02,5.03,-0.01,-0.2,282727.44,141503.255
601333.SH,20171207,5.01,5.07,4.94,4.96,5.02,-0.06,-1.2,255045.3,127888.884
601333.SH,20171208,4.95,5.02,4.91,5.0,4.96,0.04,0.81,211153.78,105114.93
601333.SH,20171211,5.02,5.15,5.0,5.14,5.0,0.14,2.8,340001.37,173514.475
601333.SH,20171212,5.15,5.3,5.11,5.22,5.14,0.08,1.56,602900.28,313844.052
601333.SH,20171213,5.26,5.31,5.17,5.29,5.22,0.07,1.34,410997.34,215591.448
601333.SH,20171214,5.24,5.37,5.23,5.33,5.29,0.04,0.76,455310.31,241608.221
601333.SH,20171215,5.29,5.35,5.19,5.24,5.33,-0.09,-1.69,488805.57,257004.888
601333.SH,20171218,5.25,5.28,5.17,5.23,5.24,-0.01,-0.19,262096.24,136676.885
601333.SH,20171219,5.26,5.34,5.21,5.3,5.23,0.07,1.34,400395.21,211523.908
601333.SH,20171220,5.28,5.33,5.21,5.22,5.3,-0.08,-1.51,279159.69,147211.205
601333.SH,20171221,5.2,5.45,5.2,5.43,5.22,0.21,4.02,819985.12,440474.345
601333.SH,20171222,5.42,5.49,5.38,5.43,5.43,0.0,0.0,429267.75,233171.404
601333.SH,20171225,5.41,5.46,5.21,5.22,5.43,-0.21,-3.87,623608.34,330495.026
601333.SH,20171226,5.24,5.37,5.2,5.35,5.22,0.13,2.49,509690.5,269268.813
601333.SH,20171227,5.35,5.45,5.31,5.33,5.35,-0.02,-0.37,486155.5,261605.471
601333.SH,20171228,5.41,5.65,5.37,5.57,5.33,0.24,4.5,1337019.21,740584.556
601333.SH,20171229,5.56,5.62,5.5,5.57,5.57,0.0,0.0,576783.58,320398.747
601333.SH,20180102,5.6,5.69,5.54,5.57,5.57,0.0,0.0,776568.43,434060.21
601333.SH,20180103,5.56,5.64,5.51,5.61,5.57,0.04,0.72,859625.36,478519.175
601333.SH,20180104,5.61,5.75,5.55,5.61,5.61,0.0,0.0,1126098.77,635016.612
601333.SH,20180105,5.57,5.68,5.53,5.62,5.61,0.01,0.18,783456.01,439480.9
601333.SH,20180108,5.6,5.84,5.59,5.78,5.62,0.16,2.85,1225912.15,704839.743
601333.SH,20180109,5.78,5.81,5.62,5.66,5.78,-0.12,-2.08,1082710.24,616443.668
601333.SH,20180110,5.66,5.67,5.5,5.57,5.66,-0.09,-1.59,623359.02,348111.252
601333.SH,20180111,5.58,5.59,5.48,5.51,5.57,-0.06,-1.08,503198.43,277487.142
601333.SH,20180112,5.51,5.57,5.46,5.48,5.51,-0.03,-0.54,435737.26,239965.067
601333.SH,20180115,5.5,5.5,5.18,5.19,5.48,-0.29,-5.29,850703.42,450632.663
601333.SH,20180116,5.18,5.3,5.18,5.27,5.19,0.08,1.54,569183.94,299061.189
601333.SH,20180117,5.23,5.32,5.2,5.29,5.27,0.02,0.38,410131.85,215644.258
601333.SH,20180118,5.27,5.32,5.2,5.32,5.29,0.03,0.57,382578.16,201017.552
601333.SH,20180119,5.29,5.4,5.27,5.32,5.32,0.0,0.0,402630.75,214671.427
601333.SH,20180122,5.32,5.41,5.27,5.33,5.32,0.01,0.19,426819.36,227935.374
601333.SH,20180123,5.33,5.35,5.28,5.32,5.33,-0.01,-0.19,270855.35,143782.34
601333.SH,20180124,5.31,5.33,5.18,5.2,5.32,-0.12,-2.26,524442.01,274310.009
601333.SH,20180125,5.19,5.4,5.18,5.36,5.2,0.16,3.08,739682.9,394005.65
601333.SH,20180126,5.36,5.39,5.29,5.33,5.36,-0.03,-0.56,350975.27,186907.063
601333.SH,20180129,5.32,5.37,5.21,5.23,5.33,-0.1,-1.88,409678.09,216534.635
601333.SH,20180130,5.23,5.28,5.2,5.25,5.23,0.02,0.38,229945.37,120495.745
601333.SH,20180131,5.23,5.27,5.02,5.07,5.25,-0.18,-3.43,556392.05,284460.717
601333.SH,20180201,5.09,5.1,4.8,4.92,5.07,-0.15,-2.96,601253.65,296897.031
601333.SH,20180202,4.89,4.98,4.82,4.98,4.92,0.06,1.22,221760.7,109437.423
601333.SH,20180205,4.9,4.99,4.87,4.97,4.98,-0.01,-0.2,220057.98,109082.076
601333.SH,20180206,4.9,4.93,4.66,4.66,4.97,-0.31,-6.24,523639.64,250036.848
601333.SH,20180207,4.75,4.78,4.54,4.57,4.66,-0.09,-1.93,635182.32,294711.338
601333.SH,20180208,4.6,4.71,4.56,4.63,4.57,0.06,1.31,602658.08,278330.262
601333.SH,20180209,4.51,4.55,4.28,4.37,4.63,-0.26,-5.62,488808.62,215628.733
601333.SH,20180212,4.39,4.45,4.38,4.42,4.37,0.05,1.14,354689.61,156662.888
601333.SH,20180213,4.45,4.51,4.43,4.46,4.42,0.04,0.91,276655.92,123804.395
601333.SH,20180214,4.45,4.52,4.43,4.5,4.46,0.04,0.9,183047.1,81992.395
601333.SH,20180222,4.53,4.57,4.45,4.56,4.5,0.06,1.33,720996.83,324113.407
601333.SH,20180223,4.55,4.78,4.54,4.76,4.56,0.2,4.39,665635.92,312749.225
601333.SH,20180226,4.78,4.86,4.76,4.83,4.76,0.07,1.47,539027.97,259978.992
601333.SH,20180227,4.82,4.83,4.74,4.75,4.83,-0.08,-1.66,311435.0,148777.949
601333.SH,20180228,4.7,4.77,4.65,4.74,4.75,-0.01,-0.21,219634.76,103642.66
601333.SH,20180301,4.71,4.82,4.69,4.73,4.74,-0.01,-0.21,188092.66,89563.053
601333.SH,20180302,4.71,4.76,4.68,4.71,4.73,-0.02,-0.42,128529.88,60633.193
601333.SH,20180305,4.72,4.89,4.72,4.84,4.71,0.13,2.76,338973.93,163369.181
601333.SH,20180306,4.85,4.89,4.81,4.88,4.84,0.04,0.83,235874.97,114596.492
601333.SH,20180307,4.86,4.93,4.83,4.83,4.88,-0.05,-1.02,142747.33,69580.028
601333.SH,20180308,4.85,4.86,4.81,4.82,4.83,-0.01,-0.21,111835.06,54009.533
601333.SH,20180309,4.82,4.89,4.81,4.87,4.82,0.05,1.04,159438.77,77308.951
601333.SH,20180312,4.87,4.89,4.84,4.88,4.87,0.01,0.21,165482.8,80556.065
601333.SH,20180313,4.88,4.95,4.86,4.89,4.88,0.01,0.2,202473.0,99627.32
601333.SH,20180314,4.87,4.88,4.77,4.79,4.89,-0.1,-2.05,213432.07,102829.319
601333.SH,20180315,4.78,4.91,4.76,4.86,4.79,0.07,1.46,189000.61,91471.901
601333.SH,20180316,4.86,4.88,4.81,4.81,4.86,-0.05,-1.03,138811.68,67251.902
601333.SH,20180319,4.8,4.81,4.67,4.69,4.81,-0.12,-2.49,258330.51,122205.889
601333.SH,20180320,4.65,4.75,4.62,4.71,4.69,0.02,0.43,130361.16,61215.918
601333.SH,20180321,4.7,4.93,4.7,4.84,4.71,0.13,2.76,393717.62,190463.575
601333.SH,20180322,4.85,4.89,4.76,4.82,4.84,-0.02,-0.41,176401.43,84856.559
601333.SH,20180323,4.7,4.71,4.55,4.58,4.82,-0.24,-4.98,379617.76,175394.468
601333.SH,20180326,4.58,4.68,4.54,4.62,4.58,0.04,0.87,237841.13,109419.783
601333.SH,20180327,4.67,4.71,4.62,4.67,4.62,0.05,1.08,175701.06,81829.031
601333.SH,20180328,4.61,4.7,4.54,4.56,4.67,-0.11,-2.36,161937.27,74456.231
601333.SH,20180329,4.55,4.59,4.48,4.58,4.56,0.02,0.44,224393.44,101912.183
601333.SH,20180330,4.57,4.64,4.57,4.59,4.58,0.01,0.22,319428.0,147197.564
601333.SH,20180402,4.6,4.62,4.57,4.58,4.59,-0.01,-0.22,190272.0,87489.38
601333.SH,20180403,4.52,4.6,4.49,4.55,4.58,-0.03,-0.66,199588.91,90642.165
601333.SH,20180404,4.52,4.56,4.48,4.49,4.55,-0.06,-1.32,185229.85,83559.504
601333.SH,20180409,4.48,4.57,4.41,4.5,4.49,0.01,0.22,221583.01,99642.884
601333.SH,20180410,4.51,4.61,4.49,4.6,4.5,0.1,2.22,245126.08,112000.489
601333.SH,20180411,4.58,4.62,4.56,4.59,4.6,-0.01,-0.22,205322.11,94040.71
601333.SH,20180412,4.58,4.58,4.45,4.49,4.59,-0.1,-2.18,204398.88,92387.743
601333.SH,20180413,4.51,4.54,4.43,4.45,4.49,-0.04,-0.89,251695.14,112534.078
601333.SH,20180416,4.43,4.45,4.31,4.35,4.45,-0.1,-2.25,202764.24,88802.169
601333.SH,20180417,4.35,4.42,4.26,4.3,4.35,-0.05,-1.15,219173.42,95379.239
601333.SH,20180418,4.32,4.36,4.25,4.33,4.3,0.03,0.7,150972.94,65050.759
601333.SH,20180419,4.33,4.36,4.3,4.35,4.33,0.02,0.46,208102.41,90099.701
601333.SH,20180420,4.43,4.5,4.28,4.29,4.35,-0.06,-1.38,384619.3,168418.306
601333.SH,20180423,4.3,4.36,4.26,4.3,4.29,0.01,0.23,128761.15,55462.362
601333.SH,20180424,4.29,4.38,4.29,4.37,4.3,0.07,1.63,205336.88,89435.003
601333.SH,20180425,4.35,4.37,4.28,4.32,4.37,-0.05,-1.14,187806.06,81038.492
601333.SH,20180426,4.39,4.51,4.37,4.4,4.32,0.08,1.85,581363.22,257593.652
601333.SH,20180427,4.41,4.51,4.39,4.48,4.4,0.08,1.82,367985.1,163934.134
601333.SH,20180502,4.46,4.55,4.42,4.45,4.48,-0.03,-0.67,244657.95,109432.787
601333.SH,20180503,4.46,4.55,4.4,4.53,4.45,0.08,1.8,283341.93,127108.294
601333.SH,20180504,4.51,4.57,4.51,4.55,4.53,0.02,0.44,185918.53,84392.972
601333.SH,20180507,4.58,4.67,4.58,4.6,4.55,0.05,1.1,249924.14,115322.644
601333.SH,20180508,4.61,4.67,4.61,4.64,4.6,0.04,0.87,208169.07,96650.622
601333.SH,20180509,4.65,4.69,4.61,4.65,4.64,0.01,0.22,147702.71,68571.399
601333.SH,20180510,4.65,4.71,4.62,4.69,4.65,0.04,0.86,163342.44,76116.949
601333.SH,20180511,4.68,4.7,4.58,4.6,4.69,-0.09,-1.92,208372.68,96087.971
601333.SH,20180514,4.6,4.64,4.57,4.61,4.6,0.01,0.22,178252.97,82175.88
601333.SH,20180515,4.61,4.65,4.61,4.65,4.61,0.04,0.87,100950.42,46750.886
601333.SH,20180516,4.63,4.64,4.55,4.55,4.65,-0.1,-2.15,135851.68,62536.719
601333.SH,20180517,4.58,4.62,4.55,4.58,4.55,0.03,0.66,203132.0,93241.133
601333.SH,20180518,4.57,4.69,4.54,4.63,4.58,0.05,1.09,231869.72,106938.253
601333.SH,20180521,4.64,4.68,4.63,4.66,4.63,0.03,0.65,210586.89,98019.453
601333.SH,20180522,4.66,4.72,4.63,4.69,4.66,0.03,0.64,207736.89,97181.814
601333.SH,20180523,4.68,4.68,4.63,4.63,4.69,-0.06,-1.28,140624.34,65407.187
601333.SH,20180524,4.62,4.66,4.58,4.6,4.63,-0.03,-0.65,137030.1,63269.411
601333.SH,20180525,4.6,4.63,4.56,4.57,4.6,-0.03,-0.65,134362.75,61725.95
601333.SH,20180528,4.55,4.67,4.55,4.65,4.57,0.08,1.75,225476.03,104614.036
601333.SH,20180529,4.64,4.65,4.54,4.58,4.65,-0.07,-1.51,229615.37,105254.305
601333.SH,20180530,4.54,4.54,4.36,4.4,4.58,-0.18,-3.93,308144.01,136861.889
601333.SH,20180531,4.42,4.47,4.38,4.44,4.4,0.04,0.91,283368.05,125561.001
601333.SH,20180601,4.43,4.46,4.38,4.44,4.44,0.0,0.0,137578.71,60961.6
601333.SH,20180604,4.44,4.53,4.38,4.49,4.44,0.05,1.13,225552.92,100614.712
601333.SH,20180605,4.48,4.57,4.47,4.56,4.49,0.07,1.56,204717.44,92715.473
601333.SH,20180606,4.56,4.57,4.5,4.54,4.56,-0.02,-0.44,170663.39,77276.462
601333.SH,20180607,4.55,4.56,4.5,4.51,4.54,-0.03,-0.66,108240.12,48999.377
601333.SH,20180608,4.51,4.54,4.45,4.47,4.51,-0.04,-0.89,180782.63,81140.49
601333.SH,20180611,4.47,4.47,4.4,4.46,4.47,-0.01,-0.22,132063.01,58699.664
601333.SH,20180612,4.44,4.56,4.43,4.55,4.46,0.09,2.02,214266.71,96582.974
601333.SH,20180613,4.55,4.58,4.51,4.51,4.55,-0.04,-0.88,133629.95,60737.65
601333.SH,20180614,4.49,4.52,4.45,4.5,4.51,-0.01,-0.22,181655.03,81563.196
601333.SH,20180615,4.5,4.51,4.43,4.44,4.5,-0.06,-1.33,160459.47,71455.854
601333.SH,20180619,4.39,4.39,4.07,4.16,4.44,-0.28,-6.31,388527.47,164001.505
601333.SH,20180620,4.14,4.26,4.12,4.22,4.16,0.06,1.44,195228.45,81874.164
601333.SH,20180621,4.24,4.39,4.22,4.23,4.22,0.01,0.24,212125.43,90758.965
601333.SH,20180622,4.21,4.28,4.17,4.26,4.23,0.03,0.71,148119.27,62566.06
601333.SH,20180625,4.29,4.3,4.22,4.23,4.26,-0.03,-0.7,116110.64,49423.717
601333.SH,20180626,4.18,4.24,4.13,4.22,4.23,-0.01,-0.24,111736.43,46995.352
601333.SH,20180627,4.22,4.26,4.17,4.18,4.22,-0.04,-0.95,127934.74,53833.805
601333.SH,20180628,4.19,4.2,4.11,4.15,4.18,-0.03,-0.72,158777.86,65876.031
601333.SH,20180629,4.13,4.31,4.1,4.25,4.15,0.1,2.41,206538.9,86721.957
601333.SH,20180702,4.24,4.25,4.15,4.19,4.25,-0.06,-1.41,135233.66,56723.728
601333.SH,20180703,4.18,4.21,4.15,4.19,4.19,0.0,0.0,122598.29,51253.915
601333.SH,20180704,4.19,4.21,4.16,4.18,4.19,-0.01,-0.24,108671.11,45486.549
601333.SH,20180705,4.17,4.19,4.09,4.12,4.18,-0.06,-1.44,148782.3,61495.138
601333.SH,20180706,4.11,4.17,4.04,4.14,4.12,0.02,0.49,142929.13,58763.772
601333.SH,20180709,4.17,4.21,4.13,4.2,4.14,0.06,1.45,142655.38,59695.454
601333.SH,20180710,4.2,4.23,4.18,4.22,4.2,0.02,0.48,90523.95,38060.527
601333.SH,20180711,4.18,4.18,4.11,4.13,4.22,-0.09,-2.13,113411.35,46969.592
601333.SH,20180712,4.13,4.25,4.13,4.22,4.13,0.09,2.18,131531.84,55326.203
601333.SH,20180713,4.21,4.27,4.21,4.21,4.22,-0.01,-0.24,99669.45,42176.337
601333.SH,20180716,4.19,4.23,4.16,4.2,4.21,-0.01,-0.24,95355.73,39918.489
601333.SH,20180717,4.19,4.25,4.19,4.22,4.2,0.02,0.48,121564.05,51298.998
601333.SH,20180718,4.22,4.29,4.21,4.23,4.22,0.01,0.24,155860.37,66251.393
601333.SH,20180719,4.25,4.25,4.17,4.21,4.23,-0.02,-0.47,80499.25,33854.454
601333.SH,20180720,4.19,4.25,4.16,4.23,4.21,0.02,0.4751,116532.82,49036.684
601333.SH,20180723,4.2,4.32,4.2,4.31,4.23,0.08,1.8913,247245.64,105935.258
601333.SH,20180724,4.3,4.39,4.29,4.38,4.31,0.07,1.6241,260405.56,113324.231
601333.SH,20180725,4.36,4.37,4.32,4.35,4.38,-0.03,-0.6849,173248.68,75319.263
601333.SH,20180726,4.35,4.39,4.32,4.38,4.35,0.03,0.6897,178537.32,77865.796
601333.SH,20180727,4.38,4.41,4.32,4.35,4.38,-0.03,-0.6849,207484.69,90409.329
601333.SH,20180730,4.36,4.41,4.33,4.35,4.35,0.0,0.0,157896.37,68845.516
601333.SH,20180731,4.34,4.37,4.3,4.32,4.35,-0.03,-0.6897,123635.63,53519.259
601333.SH,20180801,4.32,4.36,4.31,4.33,4.32,0.01,0.2315,253422.41,109895.927
601333.SH,20180802,4.3,4.31,4.11,4.19,4.33,-0.14,-3.2333,332603.44,139429.741
601333.SH,20180803,4.1,4.14,4.08,4.1,4.11,-0.01,-0.2433,119721.28,49193.199
601333.SH,20180806,4.07,4.13,4.05,4.08,4.1,-0.02,-0.4878,166846.56,68161.961
601333.SH,20180807,4.08,4.16,4.07,4.16,4.08,0.08,1.9608,199402.58,82019.442
601333.SH,20180808,4.15,4.16,4.1,4.11,4.16,-0.05,-1.2019,141227.92,58244.132
601333.SH,20180809,4.11,4.16,4.08,4.15,4.11,0.04,0.9732,156789.88,64929.377
601333.SH,20180810,4.14,4.17,4.11,4.14,4.15,-0.01,-0.241,138532.96,57240.386
601333.SH,20180813,4.09,4.12,4.06,4.1,4.14,-0.04,-0.9662,229440.14,93721.67
601333.SH,20180814,4.1,4.19,4.08,4.18,4.1,0.08,1.9512,329139.66,135855.107
601333.SH,20180815,4.19,4.21,4.09,4.09,4.18,-0.09,-2.1531,273153.82,113132.842
601333.SH,20180816,4.05,4.06,4.0,4.02,4.09,-0.07,-1.7115,281261.5,113237.181
601333.SH,20180817,4.05,4.06,3.95,3.96,4.02,-0.06,-1.4925,156695.03,62646.816
601333.SH,20180820,3.96,3.98,3.88,3.94,3.96,-0.02,-0.5051,187619.9,73553.462
601333.SH,20180821,3.95,4.01,3.93,3.99,3.94,0.05,1.269,158077.11,62831.76
601333.SH,20180822,3.98,3.98,3.94,3.96,3.99,-0.03,-0.7519,93333.06,36924.254
601333.SH,20180823,3.95,3.98,3.92,3.94,3.96,-0.02,-0.5051,115707.06,45648.455
601333.SH,20180824,3.93,3.94,3.88,3.91,3.94,-0.03,-0.7614,175507.29,68577.696
601333.SH,20180827,3.89,3.96,3.89,3.95,3.91,0.04,1.023,130021.1,51180.614
601333.SH,20180828,3.94,3.96,3.91,3.92,3.95,-0.03,-0.7595,156469.01,61502.998
601333.SH,20180829,3.91,3.93,3.78,3.82,3.92,-0.1,-2.551,350071.23,134807.764
601333.SH,20180830,3.82,3.84,3.8,3.8,3.82,-0.02,-0.5236,146084.64,55862.585
601333.SH,20180831,3.8,3.8,3.77,3.8,3.8,0.0,0.0,159240.01,60276.171
601333.SH,20180903,3.79,3.8,3.68,3.72,3.8,-0.08,-2.1053,202348.28,75255.971
601333.SH,20180904,3.71,3.73,3.67,3.72,3.72,0.0,0.0,255880.52,94599.154
601333.SH,20180905,3.7,3.71,3.65,3.66,3.72,-0.06,-1.6129,175090.37,64373.482
601333.SH,20180906,3.64,3.65,3.58,3.58,3.66,-0.08,-2.1858,286242.58,103196.174
601333.SH,20180907,3.56,3.62,3.53,3.56,3.58,-0.02,-0.5587,156228.44,55939.321
601333.SH,20180910,3.56,3.58,3.45,3.46,3.56,-0.1,-2.809,221053.56,77253.511
601333.SH,20180911,3.44,3.48,3.42,3.46,3.46,0.0,0.0,140892.48,48617.529
601333.SH,20180912,3.45,3.49,3.44,3.46,3.46,0.0,0.0,115466.14,40016.41
601333.SH,20180913,3.48,3.52,3.47,3.5,3.46,0.04,1.1561,179452.89,62748.188
601333.SH,20180914,3.5,3.52,3.48,3.5,3.5,0.0,0.0,92649.9,32442.905
601333.SH,20180917,3.5,3.5,3.36,3.38,3.5,-0.12,-3.4286,206313.26,70193.975
601333.SH,20180918,3.38,3.49,3.36,3.47,3.38,0.09,2.6627,234523.34,80662.162
601333.SH,20180919,3.47,3.6,3.46,3.58,3.47,0.11,3.17,439239.16,156207.962
601333.SH,20180920,3.59,3.62,3.55,3.58,3.58,0.0,0.0,231961.36,83063.467
601333.SH,20180921,3.6,3.65,3.55,3.63,3.58,0.05,1.3966,237306.94,85786.92
601333.SH,20180925,3.61,3.66,3.58,3.59,3.63,-0.04,-1.1019,178806.49,64629.424
601333.SH,20180926,3.59,3.65,3.58,3.6,3.59,0.01,0.2786,171875.0,62136.422
601333.SH,20180927,3.6,3.62,3.56,3.56,3.6,-0.04,-1.1111,129707.99,46520.128
601333.SH,20180928,3.59,3.62,3.58,3.61,3.56,0.05,1.4045,146257.03,52746.517
601333.SH,20181008,3.54,3.56,3.47,3.47,3.61,-0.14,-3.8781,190605.3,67098.363
601333.SH,20181009,3.5,3.51,3.38,3.41,3.47,-0.06,-1.7291,312817.25,107180.284
601333.SH,20181010,3.41,3.45,3.36,3.38,3.41,-0.03,-0.8798,333375.22,113249.639
601333.SH,20181011,3.23,3.31,3.15,3.17,3.38,-0.21,-6.213,358234.93,116177.915
601333.SH,20181012,3.18,3.2,3.01,3.13,3.17,-0.04,-1.2618,389873.6,120826.643
601333.SH,20181015,3.12,3.15,3.06,3.06,3.13,-0.07,-2.2364,194996.5,60560.491
601333.SH,20181016,3.05,3.09,3.04,3.06,3.06,0.0,0.0,203426.43,62269.124
601333.SH,20181017,3.08,3.09,3.01,3.04,3.06,-0.02,-0.6536,332575.31,101556.246
601333.SH,20181018,3.01,3.03,2.95,2.98,3.04,-0.06,-1.9737,378382.68,112943.749
601333.SH,20181019,2.96,3.06,2.94,3.05,2.98,0.07,2.349,260998.45,78478.788
601333.SH,20181022,3.06,3.22,3.05,3.19,3.05,0.14,4.5902,332617.46,104787.332
601333.SH,20181023,3.21,3.22,3.09,3.1,3.19,-0.09,-2.8213,291293.87,91703.887
601333.SH,20181024,3.08,3.16,3.08,3.1,3.1,0.0,0.0,311741.79,97110.196
601333.SH,20181025,3.02,3.08,2.95,3.07,3.1,-0.03,-0.9677,311880.18,93985.096
601333.SH,20181026,3.08,3.14,3.07,3.09,3.07,0.02,0.6515,302046.08,93561.694
601333.SH,20181029,3.09,3.1,2.92,2.95,3.09,-0.14,-4.5307,546765.26,163264.525
601333.SH,20181030,2.95,3.03,2.93,3.01,2.95,0.06,2.0339,342502.12,102531.382
601333.SH,20181031,3.01,3.12,3.01,3.1,3.01,0.09,2.99,348255.98,107388.745
601333.SH,20181101,3.12,3.16,3.08,3.1,3.1,0.0,0.0,270826.06,84794.383
601333.SH,20181102,3.14,3.17,3.1,3.16,3.1,0.06,1.9355,483437.01,151536.046
601333.SH,20181105,3.15,3.15,3.11,3.13,3.16,-0.03,-0.9494,335810.2,104968.243
601333.SH,20181106,3.13,3.15,3.1,3.13,3.13,0.0,0.0,226793.44,70861.24
601333.SH,20181107,3.14,3.18,3.13,3.15,3.13,0.02,0.639,243149.8,76737.754
601333.SH,20181108,3.17,3.17,3.1,3.11,3.15,-0.04,-1.2698,275687.01,86424.089
601333.SH,20181109,3.11,3.11,3.04,3.05,3.11,-0.06,-1.9293,286801.38,87937.543
601333.SH,20181112,3.05,3.18,3.05,3.17,3.05,0.12,3.9344,503258.53,157110.362
601333.SH,20181113,3.15,3.26,3.12,3.23,3.17,0.06,1.8927,594139.94,189740.564
601333.SH,20181114,3.22,3.28,3.21,3.22,3.23,-0.01,-0.3096,458877.17,148838.006
601333.SH,20181115,3.22,3.25,3.22,3.25,3.22,0.03,0.9317,245984.41,79646.44
601333.SH,20181116,3.25,3.32,3.21,3.29,3.25,0.04,1.2308,443114.37,144857.914
601333.SH,20181119,3.27,3.3,3.22,3.29,3.29,0.0,0.0,403944.47,131643.961
601333.SH,20181120,3.26,3.27,3.19,3.21,3.29,-0.08,-2.4316,355371.91,114808.361
601333.SH,20181121,3.16,3.21,3.14,3.2,3.21,-0.01,-0.3115,303528.94,96591.924
601333.SH,20181122,3.2,3.22,3.17,3.21,3.2,0.01,0.3125,187390.64,59855.496
601333.SH,20181123,3.2,3.2,3.09,3.09,3.21,-0.12,-3.7383,267794.88,84044.455
601333.SH,20181126,3.07,3.13,3.07,3.09,3.09,0.0,0.0,149135.57,46280.916
601333.SH,20181127,3.1,3.12,3.09,3.1,3.09,0.01,0.3236,115422.35,35786.165
601333.SH,20181128,3.09,3.24,3.08,3.23,3.1,0.13,4.1935,554297.74,176605.139
601333.SH,20181129,3.24,3.25,3.15,3.16,3.23,-0.07,-2.1672,238459.54,76449.453
601333.SH,20181130,3.17,3.24,3.15,3.23,3.16,0.07,2.2152,306327.47,98110.858
601333.SH,20181203,3.28,3.31,3.24,3.27,3.23,0.04,1.2384,525005.04,171922.632
601333.SH,20181204,3.27,3.27,3.23,3.26,3.27,-0.01,-0.3058,198860.5,64694.724
601333.SH,20181205,3.2,3.28,3.19,3.25,3.26,-0.01,-0.3067,247841.48,80315.161
601333.SH,20181206,3.24,3.25,3.2,3.2,3.25,-0.05,-1.5385,193132.0,62195.025
601333.SH,20181207,3.22,3.28,3.2,3.26,3.2,0.06,1.875,187873.8,60743.123
601333.SH,20181210,3.21,3.25,3.21,3.22,3.26,-0.04,-1.227,138847.9,44773.75
601333.SH,20181211,3.24,3.25,3.2,3.22,3.22,0.0,0.0,176091.25,56685.398
601333.SH,20181212,3.23,3.24,3.19,3.21,3.22,-0.01,-0.3106,115940.4,37201.819
601333.SH,20181213,3.21,3.27,3.19,3.26,3.21,0.05,1.5576,264007.61,85663.15
601333.SH,20181214,3.25,3.26,3.2,3.2,3.26,-0.06,-1.8405,170952.39,55168.181
601333.SH,20181217,3.2,3.23,3.18,3.22,3.2,0.02,0.625,130494.9,41849.804
601333.SH,20181218,3.19,3.21,3.13,3.15,3.22,-0.07,-2.1739,195097.48,61688.698
601333.SH,20181219,3.16,3.18,3.15,3.15,3.15,0.0,0.0,136706.2,43223.343
601333.SH,20181220,3.16,3.17,3.08,3.12,3.15,-0.03,-0.9524,194146.06,60562.218
601333.SH,20181221,3.11,3.11,3.04,3.09,3.12,-0.03,-0.9615,177059.3,54454.975
601333.SH,20181224,3.14,3.22,3.13,3.19,3.09,0.1,3.2362,257047.92,81705.974
601333.SH,20181225,3.18,3.18,3.06,3.14,3.19,-0.05,-1.5674,226641.17,70551.525
601333.SH,20181226,3.14,3.17,3.12,3.14,3.14,0.0,0.0,172618.76,54295.991
601333.SH,20181227,3.18,3.19,3.14,3.16,3.14,0.02,0.6369,196121.94,62151.994
601333.SH,20181228,3.17,3.18,3.13,3.16,3.16,0.0,0.0,112960.8,35657.232
601333.SH,20190102,3.16,3.19,3.14,3.17,3.16,0.01,0.3165,141698.38,44808.455
601333.SH,20190103,3.17,3.23,3.16,3.2,3.17,0.03,0.9464,255811.96,81929.347
601333.SH,20190104,3.17,3.28,3.15,3.27,3.2,0.07,2.1875,361934.62,117447.203
601333.SH,20190107,3.28,3.4,3.28,3.38,3.27,0.11,3.3639,458843.08,154167.21
601333.SH,20190108,3.37,3.41,3.34,3.39,3.38,0.01,0.2959,243948.01,82505.011
601333.SH,20190109,3.41,3.47,3.36,3.37,3.39,-0.02,-0.59,432154.72,147856.727
601333.SH,20190110,3.4,3.42,3.35,3.36,3.37,-0.01,-0.2967,369018.87,124341.483
601333.SH,20190111,3.38,3.4,3.34,3.38,3.36,0.02,0.5952,236737.45,79802.891
601333.SH,20190114,3.39,3.42,3.36,3.37,3.38,-0.01,-0.2959,198256.1,66925.221
601333.SH,20190115,3.38,3.42,3.35,3.41,3.37,0.04,1.1869,244627.79,82762.696
601333.SH,20190116,3.42,3.49,3.4,3.49,3.41,0.08,2.346,273438.09,94425.31
601333.SH,20190117,3.49,3.51,3.43,3.44,3.49,-0.05,-1.4327,277664.17,96343.366
601333.SH,20190118,3.46,3.52,3.44,3.5,3.44,0.06,1.7442,242607.97,84587.705
601333.SH,20190121,3.5,3.53,3.47,3.51,3.5,0.01,0.2857,213279.9,74806.661
601333.SH,20190122,3.5,3.52,3.45,3.45,3.51,-0.06,-1.7094,176934.69,61450.465
601333.SH,20190123,3.46,3.49,3.44,3.48,3.45,0.03,0.8696,116992.23,40595.55
601333.SH,20190124,3.48,3.5,3.44,3.48,3.48,0.0,0.0,103500.3,35956.71
601333.SH,20190125,3.48,3.5,3.45,3.45,3.48,-0.03,-0.8621,160548.0,55892.977
601333.SH,20190128,3.47,3.51,3.46,3.47,3.45,0.02,0.5797,132778.0,46295.427
601333.SH,20190129,3.48,3.52,3.41,3.52,3.47,0.05,1.4409,261064.73,90539.247
601333.SH,20190130,3.49,3.54,3.47,3.5,3.52,-0.02,-0.5682,179322.47,62903.579
601333.SH,20190131,3.49,3.52,3.46,3.5,3.5,0.0,0.0,179025.29,62484.712
601333.SH,20190201,3.51,3.53,3.47,3.48,3.5,-0.02,-0.5714,141903.29,49418.292
601333.SH,20190211,3.49,3.53,3.48,3.53,3.48,0.05,1.4368,144626.64,50707.108
601333.SH,20190212,3.52,3.64,3.52,3.63,3.53,0.1,2.8329,346400.46,125026.333
601333.SH,20190213,3.63,3.66,3.6,3.64,3.63,0.01,0.2755,256963.88,93237.138
601333.SH,20190214,3.64,3.65,3.6,3.65,3.64,0.01,0.2747,146270.84,52985.467
601333.SH,20190215,3.64,3.65,3.57,3.58,3.65,-0.07,-1.9178,199033.26,71692.638
601333.SH,20190218,3.6,3.64,3.59,3.63,3.58,0.05,1.3966,319567.64,115617.091
601333.SH,20190219,3.7,3.89,3.7,3.76,3.63,0.13,3.5813,944476.47,353936.736
601333.SH,20190220,3.71,3.72,3.61,3.63,3.76,-0.13,-3.4574,671646.15,245674.749
601333.SH,20190221,3.62,3.65,3.59,3.59,3.63,-0.04,-1.1019,276116.22,99910.533
601333.SH,20190222,3.59,3.66,3.55,3.64,3.59,0.05,1.3928,257960.62,92737.784
601333.SH,20190225,3.66,3.77,3.64,3.75,3.64,0.11,3.022,735327.56,272451.726
601333.SH,20190226,3.76,3.86,3.71,3.78,3.75,0.03,0.8,726056.14,275067.259
601333.SH,20190227,3.8,3.9,3.79,3.84,3.78,0.06,1.5873,588625.77,226384.741
601333.SH,20190228,3.84,3.88,3.79,3.85,3.84,0.01,0.2604,348667.09,133903.13
601333.SH,20190301,3.86,3.87,3.77,3.82,3.85,-0.03,-0.7792,425421.61,162178.817
601333.SH,20190304,3.84,3.94,3.81,3.84,3.82,0.02,0.5236,784313.23,302513.45
601333.SH,20190305,3.82,3.87,3.81,3.86,3.84,0.02,0.5208,374026.1,143345.819
601333.SH,20190306,3.88,3.9,3.84,3.89,3.86,0.03,0.7772,599393.76,231874.265
601333.SH,20190307,3.89,4.0,3.87,4.0,3.89,0.11,2.8278,811511.22,320288.296
601333.SH,20190308,3.9,3.96,3.77,3.77,4.0,-0.23,-5.75,727657.94,280876.105
601333.SH,20190311,3.77,3.87,3.77,3.86,3.77,0.09,2.3873,365702.22,139611.583
601333.SH,20190312,3.89,3.9,3.82,3.86,3.86,0.0,0.0,471488.35,182403.267
601333.SH,20190313,3.86,3.86,3.73,3.74,3.86,-0.12,-3.1088,511848.88,194102.646
601333.SH,20190314,3.76,3.78,3.6,3.64,3.74,-0.1,-2.6738,490084.13,180378.175
601333.SH,20190315,3.66,3.71,3.64,3.68,3.64,0.04,1.0989,334487.35,122870.813
601333.SH,20190318,3.69,3.79,3.67,3.79,3.68,0.11,2.9891,314862.22,117835.065
601333.SH,20190319,3.79,3.82,3.76,3.81,3.79,0.02,0.5277,343332.56,130246.938
601333.SH,20190320,3.82,3.85,3.73,3.78,3.81,-0.03,-0.7874,392986.58,149055.956
601333.SH,20190321,3.78,3.88,3.78,3.83,3.78,0.05,1.3228,503040.5,193220.823
601333.SH,20190322,3.81,3.93,3.8,3.89,3.83,0.06,1.5666,472478.28,182735.013
601333.SH,20190325,3.85,3.94,3.8,3.87,3.89,-0.02,-0.5141,407976.46,158283.364
601333.SH,20190326,3.89,3.92,3.74,3.78,3.87,-0.09,-2.3256,431780.9,164991.021
601333.SH,20190327,3.8,3.81,3.72,3.75,3.78,-0.03,-0.7937,319573.84,119857.98
601333.SH,20190328,3.7,3.7,3.51,3.53,3.75,-0.22,-5.8667,1074605.74,385963.689
601333.SH,20190329,3.53,3.57,3.44,3.56,3.53,0.03,0.8499,1165078.14,406264.502
601333.SH,20190401,3.56,3.65,3.54,3.62,3.56,0.06,1.6854,1054998.32,379814.988
601333.SH,20190402,3.63,3.65,3.58,3.6,3.62,-0.02,-0.5525,643276.9,232559.053
601333.SH,20190403,3.59,3.66,3.57,3.65,3.6,0.05,1.3889,746600.24,270197.228
601333.SH,20190404,3.66,3.74,3.66,3.7,3.65,0.05,1.3699,891546.46,328859.443
601333.SH,20190408,3.71,3.74,3.62,3.68,3.7,-0.02,-0.5405,752166.14,276464.938
601333.SH,20190409,3.68,3.68,3.61,3.64,3.68,-0.04,-1.087,527360.83,192114.895
601333.SH,20190410,3.62,3.65,3.57,3.63,3.64,-0.01,-0.2747,465322.47,167933.025
601333.SH,20190411,3.62,3.65,3.58,3.59,3.63,-0.04,-1.1019,438852.53,158716.623
601333.SH,20190412,3.58,3.61,3.56,3.59,3.59,0.0,0.0,334020.19,119587.392
601333.SH,20190415,3.62,3.65,3.57,3.58,3.59,-0.01,-0.2786,410451.13,148545.457
601333.SH,20190416,3.55,3.62,3.48,3.62,3.58,0.04,1.1173,555825.38,197110.785
601333.SH,20190417,3.61,3.64,3.59,3.62,3.62,0.0,0.0,416289.45,150537.803
601333.SH,20190418,3.62,3.62,3.56,3.59,3.62,-0.03,-0.8287,269240.42,96650.947
601333.SH,20190419,3.58,3.61,3.56,3.61,3.59,0.02,0.5571,253412.35,90872.24
601333.SH,20190422,3.62,3.63,3.56,3.58,3.61,-0.03,-0.831,279384.89,100299.396
601333.SH,20190423,3.57,3.58,3.51,3.52,3.58,-0.06,-1.676,296858.48,105209.752
601333.SH,20190424,3.52,3.53,3.47,3.52,3.52,0.0,0.0,305167.46,106988.372
601333.SH,20190425,3.51,3.51,3.42,3.43,3.52,-0.09,-2.5568,328909.01,113836.016
601333.SH,20190426,3.43,3.47,3.41,3.41,3.43,-0.02,-0.5831,252350.63,86879.841
601333.SH,20190429,3.43,3.45,3.37,3.39,3.41,-0.02,-0.5865,263198.01,89512.332
601333.SH,20190430,3.4,3.43,3.39,3.42,3.39,0.03,0.885,162218.58,55351.094
601333.SH,20190506,3.35,3.38,3.18,3.25,3.42,-0.17,-4.9708,422208.14,138986.507
601333.SH,20190507,3.26,3.3,3.22,3.26,3.25,0.01,0.3077,186724.68,60819.128
601333.SH,20190508,3.22,3.27,3.2,3.24,3.26,-0.02,-0.6135,176277.96,57123.704
601333.SH,20190509,3.23,3.26,3.2,3.21,3.24,-0.03,-0.9259,168115.8,54206.256
601333.SH,20190510,3.23,3.28,3.21,3.27,3.21,0.06,1.8692,262160.1,85247.375
601333.SH,20190513,3.25,3.27,3.23,3.24,3.27,-0.03,-0.9174,142714.66,46312.366
601333.SH,20190514,3.21,3.24,3.19,3.21,3.24,-0.03,-0.9259,194847.16,62582.681
601333.SH,20190515,3.23,3.25,3.21,3.24,3.21,0.03,0.9346,266952.85,86266.037
601333.SH,20190516,3.23,3.27,3.22,3.26,3.24,0.02,0.6173,272912.96,88735.256
601333.SH,20190517,3.26,3.26,3.17,3.18,3.26,-0.08,-2.454,268753.22,86419.168
601333.SH,20190520,3.17,3.18,3.13,3.16,3.18,-0.02,-0.6289,168761.3,53236.115
601333.SH,20190521,3.16,3.2,3.14,3.19,3.16,0.03,0.9494,159599.01,50786.859
601333.SH,20190522,3.18,3.19,3.15,3.17,3.19,-0.02,-0.627,142005.3,45045.202
601333.SH,20190523,3.16,3.17,3.11,3.13,3.17,-0.04,-1.2618,172944.0,54175.187
601333.SH,20190524,3.11,3.15,3.11,3.14,3.13,0.01,0.3195,117706.74,36885.618
601333.SH,20190527,3.13,3.21,3.12,3.2,3.14,0.06,1.9108,215856.83,68308.062
601333.SH,20190528,3.2,3.22,3.18,3.2,3.2,0.0,0.0,214847.18,68721.776
601333.SH,20190529,3.19,3.21,3.17,3.18,3.2,-0.02,-0.625,128897.41,41101.575
601333.SH,20190530,3.19,3.19,3.14,3.16,3.18,-0.02,-0.6289,180156.68,56820.133
601333.SH,20190531,3.16,3.19,3.15,3.15,3.16,-0.01,-0.3165,131667.22,41659.85
601333.SH,20190603,3.15,3.17,3.13,3.15,3.15,0.0,0.0,154463.13,48594.139
601333.SH,20190604,3.14,3.16,3.13,3.15,3.15,0.0,0.0,196550.65,61787.839
601333.SH,20190605,3.17,3.19,3.15,3.18,3.15,0.03,0.9524,222752.96,70673.533
601333.SH,20190606,3.18,3.2,3.15,3.18,3.18,0.0,0.0,202213.5,64078.796
601333.SH,20190610,3.18,3.22,3.17,3.22,3.18,0.04,1.2579,252735.71,80912.045
601333.SH,20190611,3.23,3.3,3.22,3.29,3.22,0.07,2.1739,377217.25,123173.262
601333.SH,20190612,3.27,3.29,3.24,3.26,3.29,-0.03,-0.9119,254882.93,83090.624
601333.SH,20190613,3.26,3.29,3.22,3.27,3.26,0.01,0.3067,323114.7,105156.652
601333.SH,20190614,3.27,3.28,3.19,3.19,3.27,-0.08,-2.4465,423111.06,137016.428
601333.SH,20190617,3.21,3.24,3.19,3.23,3.19,0.04,1.2539,165236.71,53142.68
601333.SH,20190618,3.24,3.26,3.22,3.25,3.23,0.02,0.6192,168290.77,54595.02
601333.SH,20190619,3.29,3.31,3.26,3.27,3.25,0.02,0.6154,199230.4,65395.98
601333.SH,20190620,3.26,3.33,3.25,3.31,3.27,0.04,1.2232,236139.11,77878.916
601333.SH,20190621,3.31,3.34,3.3,3.32,3.31,0.01,0.3021,254755.94,84683.538
601333.SH,20190624,3.31,3.33,3.28,3.3,3.32,-0.02,-0.6024,190440.45,62855.608
601333.SH,20190625,3.3,3.31,3.25,3.27,3.3,-0.03,-0.9091,165212.4,54050.786
601333.SH,20190626,3.26,3.28,3.25,3.26,3.27,-0.01,-0.3058,115264.33,37601.718
601333.SH,20190627,3.27,3.3,3.25,3.27,3.26,0.01,0.3067,142324.38,46619.109
601333.SH,20190628,3.27,3.27,3.21,3.23,3.27,-0.04,-1.2232,169143.61,54700.088
601333.SH,20190701,3.26,3.3,3.25,3.29,3.23,0.06,1.8576,234161.72,76702.462
601333.SH,20190702,3.29,3.3,3.26,3.29,3.29,0.0,0.0,177339.89,58264.046
601333.SH,20190703,3.28,3.29,3.26,3.28,3.29,-0.01,-0.304,117115.9,38360.601
601333.SH,20190704,3.28,3.31,3.27,3.29,3.28,0.01,0.3049,124185.79,40839.074
601333.SH,20190705,3.29,3.3,3.26,3.29,3.29,0.0,0.0,105700.58,34653.98
601333.SH,20190708,3.28,3.29,3.16,3.17,3.29,-0.12,-3.6474,266287.25,85438.145
601333.SH,20190709,3.19,3.19,3.15,3.17,3.17,0.0,0.0,142531.96,45120.765
601333.SH,20190710,3.17,3.18,3.15,3.15,3.17,-0.02,-0.6309,115392.0,36477.998
601333.SH,20190711,3.16,3.19,3.15,3.17,3.15,0.02,0.6349,107973.57,34217.619
601333.SH,20190712,3.16,3.18,3.15,3.17,3.17,0.0,0.0,97781.74,30969.106
601333.SH,20190715,3.17,3.21,3.13,3.19,3.17,0.02,0.6309,212100.51,67319.433
601333.SH,20190716,3.18,3.2,3.17,3.2,3.19,0.01,0.3135,116742.57,37256.496
601333.SH,20190717,3.2,3.2,3.18,3.19,3.2,-0.01,-0.3125,93233.1,29767.454
601333.SH,20190718,3.19,3.19,3.15,3.16,3.19,-0.03,-0.9404,112720.0,35732.17
601333.SH,20190719,3.17,3.2,3.15,3.18,3.16,0.02,0.6329,148735.87,47258.022
601333.SH,20190722,3.18,3.18,3.13,3.14,3.18,-0.04,-1.2579,148251.15,46701.837
601333.SH,20190723,3.13,3.17,3.13,3.16,3.14,0.02,0.6369,96858.22,30540.931
601333.SH,20190724,3.17,3.19,3.16,3.17,3.16,0.01,0.3165,109758.95,34889.003
601333.SH,20190725,3.18,3.18,3.16,3.17,3.17,0.0,0.0,90446.69,28685.896
601333.SH,20190726,3.18,3.19,3.17,3.18,3.17,0.01,0.3155,95316.7,30288.391
601333.SH,20190729,3.19,3.19,3.17,3.19,3.18,0.01,0.3145,84073.98,26731.849
601333.SH,20190730,3.18,3.21,3.17,3.21,3.19,0.02,0.627,110324.16,35260.224
601333.SH,20190731,3.21,3.22,3.18,3.2,3.21,-0.01,-0.3115,107783.57,34502.217
601333.SH,20190801,3.19,3.21,3.17,3.18,3.2,-0.02,-0.625,138393.13,44094.343
601333.SH,20190802,3.16,3.16,3.13,3.14,3.18,-0.04,-1.2579,150210.0,47286.584
601333.SH,20190805,3.14,3.16,3.12,3.13,3.14,-0.01,-0.3185,156995.84,49391.234
601333.SH,20190806,3.1,3.13,3.03,3.05,3.13,-0.08,-2.5559,268940.47,82541.632
601333.SH,20190807,3.07,3.07,3.03,3.05,3.05,0.0,0.0,141141.73,43038.01
601333.SH,20190808,3.05,3.07,3.05,3.07,3.05,0.02,0.6557,137876.34,42133.522
601333.SH,20190809,3.07,3.07,3.02,3.05,3.07,-0.02,-0.6515,132191.0,40276.885
601333.SH,20190812,2.99,3.02,2.98,3.01,2.99,0.02,0.6689,123279.0,36983.274
601333.SH,20190813,3.0,3.09,2.99,3.04,3.01,0.03,0.9967,173886.91,52639.465
601333.SH,20190814,3.04,3.05,3.02,3.03,3.04,-0.01,-0.3289,228401.46,69204.256
601333.SH,20190815,3.0,3.08,2.98,3.07,3.03,0.04,1.3201,342726.85,104263.797
601333.SH,20190816,3.07,3.09,3.05,3.06,3.07,-0.01,-0.3257,196440.91,60290.761
601333.SH,20190819,3.12,3.2,3.1,3.17,3.06,0.11,3.5948,637155.84,200979.177
601333.SH,20190820,3.15,3.17,3.11,3.13,3.17,-0.04,-1.2618,342693.43,107650.255
601333.SH,20190821,3.13,3.14,3.09,3.1,3.13,-0.03,-0.9585,302550.59,94107.804
601333.SH,20190822,3.11,3.11,3.07,3.09,3.1,-0.01,-0.3226,216010.77,66642.664
601333.SH,20190823,3.12,3.14,3.09,3.1,3.09,0.01,0.3236,209899.21,65190.493
601333.SH,20190826,3.05,3.1,3.03,3.08,3.1,-0.02,-0.6452,215216.79,66100.571
601333.SH,20190827,3.09,3.15,3.08,3.11,3.08,0.03,0.974,349792.04,109380.071
601333.SH,20190828,3.13,3.15,3.12,3.13,3.11,0.02,0.6431,191681.25,60054.809
601333.SH,20190829,3.13,3.13,3.09,3.1,3.13,-0.03,-0.9585,163410.9,50832.837
601333.SH,20190830,3.12,3.13,3.08,3.1,3.1,0.0,0.0,160677.86,49922.208
601333.SH,20190902,3.1,3.22,3.08,3.16,3.1,0.06,1.9355,381304.6,120597.902
601333.SH,20190903,3.16,3.18,3.15,3.17,3.16,0.01,0.3165,153336.0,48553.658
601333.SH,20190904,3.15,3.2,3.15,3.2,3.17,0.03,0.9464,230270.52,73172.935
601333.SH,20190905,3.21,3.24,3.19,3.21,3.2,0.01,0.3125,315568.94,101570.854
601333.SH,20190906,3.21,3.22,3.18,3.2,3.21,-0.01,-0.3115,125314.01,40116.267
601333.SH,20190909,3.22,3.23,3.2,3.22,3.2,0.02,0.625,181827.1,58463.919
601333.SH,20190910,3.22,3.23,3.19,3.2,3.22,-0.02,-0.6211,177995.6,57102.614
601333.SH,20190911,3.23,3.24,3.21,3.23,3.2,0.03,0.9375,221766.14,71552.943
601333.SH,20190912,3.23,3.24,3.19,3.23,3.23,0.0,0.0,164494.73,52911.172
601333.SH,20190916,3.22,3.23,3.2,3.2,3.23,-0.03,-0.9288,167747.75,53829.293
601333.SH,20190917,3.21,3.21,3.14,3.16,3.2,-0.04,-1.25,180681.1,57210.619
601333.SH,20190918,3.16,3.2,3.15,3.19,3.16,0.03,0.9494,152074.64,48358.296
601333.SH,20190919,3.18,3.19,3.17,3.19,3.19,0.0,0.0,91289.63,29028.998
601333.SH,20190920,3.19,3.3,3.18,3.2,3.19,0.01,0.3135,293447.4,94966.056
601333.SH,20190923,3.2,3.2,3.11,3.14,3.2,-0.06,-1.875,279052.13,87937.876
601333.SH,20190924,3.14,3.18,3.12,3.15,3.14,0.01,0.3185,146208.29,46077.587
601333.SH,20190925,3.13,3.15,3.11,3.11,3.15,-0.04,-1.2698,136015.18,42492.932
601333.SH,20190926,3.12,3.14,3.09,3.11,3.11,0.0,0.0,166949.24,52019.303
601333.SH,20190927,3.11,3.12,3.08,3.08,3.11,-0.03,-0.9646,150230.0,46476.641
601333.SH,20190930,3.1,3.1,3.06,3.08,3.08,0.0,0.0,131736.13,40565.943
601333.SH,20191008,3.09,3.1,3.06,3.07,3.08,-0.01,-0.3247,134517.02,41414.779
601333.SH,20191009,3.06,3.08,3.04,3.07,3.07,0.0,0.0,136213.0,41681.28
601333.SH,20191010,3.07,3.11,3.06,3.09,3.07,0.02,0.6515,157255.2,48534.824
601333.SH,20191011,3.09,3.12,3.08,3.11,3.09,0.02,0.6472,151156.26,46861.717
601333.SH,20191014,3.12,3.16,3.12,3.13,3.11,0.02,0.6431,247677.45,77776.191
601333.SH,20191015,3.13,3.14,3.11,3.13,3.13,0.0,0.0,132876.0,41617.31
601333.SH,20191016,3.13,3.16,3.12,3.14,3.13,0.01,0.3195,129015.43,40515.478
601333.SH,20191017,3.13,3.16,3.12,3.14,3.14,0.0,0.0,157303.79,49453.681
601333.SH,20191018,3.15,3.15,3.08,3.1,3.14,-0.04,-1.2739,158685.01,49366.123
601333.SH,20191021,3.1,3.13,3.06,3.13,3.1,0.03,0.9677,177086.73,54849.425
601333.SH,20191022,3.12,3.16,3.11,3.15,3.13,0.02,0.639,155938.01,48948.654
601333.SH,20191023,3.15,3.16,3.12,3.13,3.15,-0.02,-0.6349,114158.69,35843.691
601333.SH,20191024,3.14,3.17,3.13,3.16,3.13,0.03,0.9585,159297.92,50230.462
601333.SH,20191025,3.2,3.24,3.16,3.19,3.16,0.03,0.9494,292946.38,93628.825
601333.SH,20191028,3.19,3.24,3.18,3.23,3.19,0.04,1.2539,315353.64,101698.002
601333.SH,20191029,3.23,3.26,3.21,3.23,3.23,0.0,0.0,255520.2,82732.372
601333.SH,20191030,3.2,3.2,3.15,3.15,3.23,-0.08,-2.4768,201450.3,63780.394
601333.SH,20191031,3.17,3.17,3.06,3.09,3.15,-0.06,-1.9048,260815.46,81164.195
601333.SH,20191101,3.07,3.1,3.06,3.08,3.09,-0.01,-0.3236,226234.39,69709.743
601333.SH,20191104,3.08,3.1,3.06,3.07,3.08,-0.01,-0.3247,249265.56,76768.731
601333.SH,20191105,3.08,3.1,3.06,3.09,3.07,0.02,0.6515,196583.01,60566.662
601333.SH,20191106,3.08,3.09,3.06,3.06,3.09,-0.03,-0.9709,197035.66,60496.32
601333.SH,20191107,3.06,3.08,3.05,3.07,3.06,0.01,0.3268,153471.89,47046.738
601333.SH,20191108,3.07,3.08,3.03,3.04,3.07,-0.03,-0.9772,301988.12,92116.891
601333.SH,20191111,3.04,3.05,3.0,3.01,3.04,-0.03,-0.9868,187855.55,56580.772
601333.SH,20191112,3.01,3.01,2.98,3.0,3.01,-0.01,-0.3322,135158.68,40497.757
601333.SH,20191113,3.0,3.0,2.98,2.99,3.0,-0.01,-0.3333,101143.0,30244.486
601333.SH,20191114,3.0,3.01,2.98,3.0,2.99,0.01,0.3344,119753.3,35850.074
601333.SH,20191115,3.0,3.01,2.94,2.95,3.0,-0.05,-1.6667,188272.16,55881.855
601333.SH,20191118,2.95,2.96,2.92,2.94,2.95,-0.01,-0.339,136491.58,40141.374
601333.SH,20191119,2.94,2.97,2.92,2.97,2.94,0.03,1.0204,166086.82,49037.212
601333.SH,20191120,2.96,2.97,2.94,2.94,2.97,-0.03,-1.0101,98193.04,29000.97
601333.SH,20191121,2.94,2.95,2.92,2.95,2.94,0.01,0.3401,103993.75,30556.317
601333.SH,20191122,2.95,2.98,2.94,2.96,2.95,0.01,0.339,197101.14,58218.184
601333.SH,20191125,2.95,3.01,2.95,3.0,2.96,0.04,1.3514,224736.47,67078.355
601333.SH,20191126,3.0,3.0,2.96,2.98,3.0,-0.02,-0.6667,207108.26,61639.15
601333.SH,20191127,2.97,2.98,2.95,2.96,2.98,-0.02,-0.6711,125223.38,37112.912
601333.SH,20191128,2.95,2.98,2.95,2.97,2.96,0.01,0.3378,131010.26,38826.929
601333.SH,20191129,2.97,2.98,2.95,2.96,2.97,-0.01,-0.3367,96930.0,28673.219
601333.SH,20191202,2.96,2.97,2.95,2.96,2.96,0.0,0.0,69799.51,20662.853
601333.SH,20191203,2.95,2.97,2.94,2.97,2.96,0.01,0.3378,67712.53,20003.536
601333.SH,20191204,2.96,2.97,2.95,2.96,2.97,-0.01,-0.3367,65974.89,19554.639
601333.SH,20191205,2.96,2.99,2.96,2.98,2.96,0.02,0.6757,139074.07,41388.124
601333.SH,20191206,2.98,2.99,2.97,2.99,2.98,0.01,0.3356,84436.03,25162.8
601333.SH,20191209,2.99,3.0,2.98,2.99,2.99,0.0,0.0,107305.39,32084.211
601333.SH,20191210,2.99,2.99,2.96,2.98,2.99,-0.01,-0.3344,98853.29,29419.623
601333.SH,20191211,2.98,2.99,2.96,2.98,2.98,0.0,0.0,92789.19,27603.404
601333.SH,20191212,2.98,2.98,2.96,2.96,2.98,-0.02,-0.6711,82968.42,24638.315
601333.SH,20191213,2.97,3.01,2.96,3.0,2.96,0.04,1.3514,226227.08,67634.897
601333.SH,20191216,3.0,3.04,3.0,3.04,3.0,0.04,1.3333,243466.57,73595.51
601333.SH,20191217,3.04,3.08,3.02,3.07,3.04,0.03,0.9868,229068.06,70016.224
601333.SH,20191218,3.07,3.08,3.04,3.05,3.07,-0.02,-0.6515,171205.57,52397.049
601333.SH,20191219,3.06,3.06,3.03,3.04,3.05,-0.01,-0.3279,236852.34,72085.624
601333.SH,20191220,3.05,3.06,3.03,3.05,3.04,0.01,0.3289,180395.28,54943.71
601333.SH,20191223,3.06,3.06,3.01,3.01,3.05,-0.04,-1.3115,207621.09,62945.857
601333.SH,20191224,3.02,3.04,3.0,3.03,3.01,0.02,0.6645,129709.91,39171.498
601333.SH,20191225,3.03,3.04,3.01,3.02,3.03,-0.01,-0.33,137595.1,41597.525
601333.SH,20191226,3.02,3.04,3.02,3.03,3.02,0.01,0.3311,120853.38,36595.492
601333.SH,20191227,3.04,3.05,3.02,3.04,3.03,0.01,0.33,205691.53,62511.335
601333.SH,20191230,3.03,3.07,3.01,3.07,3.04,0.03,0.9868,270527.28,82319.681
601333.SH,20191231,3.06,3.07,3.04,3.06,3.07,-0.01,-0.3257,151217.0,46216.42
601333.SH,20200102,3.08,3.11,3.06,3.09,3.06,0.03,0.9804,297549.87,91909.197
601333.SH,20200103,3.09,3.1,3.07,3.1,3.09,0.01,0.3236,206830.12,63824.666
601333.SH,20200106,3.08,3.13,3.07,3.09,3.1,-0.01,-0.3226,307732.68,95395.149
601333.SH,20200107,3.09,3.11,3.08,3.11,3.09,0.02,0.6472,208574.43,64635.151
601333.SH,20200108,3.1,3.1,3.05,3.06,3.11,-0.05,-1.6077,254221.0,78279.844
601333.SH,20200109,3.08,3.1,3.07,3.09,3.06,0.03,0.9804,208570.28,64298.477
601333.SH,20200110,3.1,3.11,3.08,3.1,3.09,0.01,0.3236,204218.0,63140.355
601333.SH,20200113,3.09,3.1,3.07,3.1,3.1,0.0,0.0,147385.24,45499.109
601333.SH,20200114,3.1,3.13,3.09,3.1,3.1,0.0,0.0,244283.86,76097.187
601333.SH,20200115,3.11,3.12,3.09,3.1,3.1,0.0,0.0,220542.65,68427.694
601333.SH,20200116,3.1,3.12,3.03,3.05,3.1,-0.05,-1.6129,398030.0,121837.308
601333.SH,20200117,3.04,3.05,2.99,3.0,3.05,-0.05,-1.6393,400262.63,120533.07
601333.SH,20200120,3.0,3.05,2.98,3.04,3.0,0.04,1.3333,348132.9,105164.641
601333.SH,20200121,3.03,3.03,2.98,2.99,3.04,-0.05,-1.6447,265436.0,79582.944
601333.SH,20200122,2.98,2.98,2.94,2.97,2.99,-0.02,-0.6689,275057.96,81310.813
601333.SH,20200123,2.95,2.95,2.85,2.87,2.97,-0.1,-3.367,608619.44,175548.991
601333.SH,20200203,2.58,2.65,2.58,2.58,2.87,-0.29,-10.1045,366645.0,94830.129
601333.SH,20200204,2.48,2.63,2.47,2.57,2.58,-0.01,-0.3876,480119.06,122937.056
601333.SH,20200205,2.56,2.62,2.54,2.58,2.57,0.01,0.3891,315767.13,81627.053
601333.SH,20200206,2.59,2.61,2.56,2.6,2.58,0.02,0.7752,272621.83,70412.803
601333.SH,20200207,2.59,2.6,2.55,2.58,2.6,-0.02,-0.7692,269094.64,69311.225
601333.SH,20200210,2.57,2.62,2.55,2.61,2.58,0.03,1.1628,269244.32,69824.849
601333.SH,20200211,2.6,2.66,2.6,2.63,2.61,0.02,0.7663,277058.1,73011.644
601333.SH,20200212,2.64,2.65,2.62,2.64,2.63,0.01,0.3802,151537.65,39943.438
601333.SH,20200213,2.64,2.66,2.61,2.62,2.64,-0.02,-0.7576,215374.4,56727.349
601333.SH,20200214,2.62,2.62,2.59,2.61,2.62,-0.01,-0.3817,184332.95,48055.01
601333.SH,20200217,2.6,2.67,2.6,2.66,2.61,0.05,1.9157,291020.42,76756.792
601333.SH,20200218,2.66,2.69,2.64,2.67,2.66,0.01,0.3759,309560.62,82506.732
601333.SH,20200219,2.67,2.7,2.66,2.67,2.67,0.0,0.0,264632.11,70960.671
601333.SH,20200220,2.69,2.72,2.68,2.71,2.67,0.04,1.4981,250975.51,67742.016
601333.SH,20200221,2.71,2.75,2.71,2.74,2.71,0.03,1.107,254304.54,69338.599
601333.SH,20200224,2.74,2.74,2.68,2.69,2.74,-0.05,-1.8248,238804.3,64543.008
601333.SH,20200225,2.65,2.65,2.6,2.64,2.69,-0.05,-1.8587,415086.25,109016.802
601333.SH,20200226,2.6,2.71,2.59,2.67,2.64,0.03,1.1364,421715.37,111951.635
601333.SH,20200227,2.66,2.69,2.65,2.66,2.67,-0.01,-0.3745,236306.33,63171.545
601333.SH,20200228,2.63,2.64,2.57,2.58,2.66,-0.08,-3.0075,364118.39,94596.159
601333.SH,20200302,2.59,2.67,2.59,2.67,2.58,0.09,3.4884,315476.83,83289.454
601333.SH,20200303,2.68,2.73,2.67,2.71,2.67,0.04,1.4981,465203.03,125588.327
601333.SH,20200304,2.69,2.72,2.68,2.72,2.71,0.01,0.369,376677.69,101477.671
601333.SH,20200305,2.73,2.76,2.72,2.75,2.72,0.03,1.1029,371880.81,101919.354
601333.SH,20200306,2.72,2.74,2.7,2.72,2.75,-0.03,-1.0909,261777.37,71229.62
601333.SH,20200309,2.69,2.7,2.65,2.65,2.72,-0.07,-2.5735,292570.16,78151.534
601333.SH,20200310,2.62,2.68,2.61,2.68,2.65,0.03,1.1321,355248.64,94018.493
601333.SH,20200311,2.69,2.72,2.66,2.66,2.68,-0.02,-0.7463,354871.35,95199.302
601333.SH,20200312,2.62,2.64,2.6,2.61,2.66,-0.05,-1.8797,305236.46,79858.627
601333.SH,20200313,2.55,2.58,2.5,2.57,2.61,-0.04,-1.5326,556187.55,141152.501
601333.SH,20200316,2.59,2.59,2.5,2.5,2.57,-0.07,-2.7237,422791.7,107664.317
601333.SH,20200317,2.5,2.53,2.45,2.5,2.5,0.0,0.0,351565.73,87535.155
601333.SH,20200318,2.5,2.52,2.46,2.46,2.5,-0.04,-1.6,302041.0,75315.391
601333.SH,20200319,2.45,2.45,2.34,2.39,2.46,-0.07,-2.8455,549883.0,131792.799
601333.SH,20200320,2.38,2.42,2.38,2.41,2.39,0.02,0.8368,287310.23,68846.547
601333.SH,20200323,2.36,2.38,2.34,2.35,2.41,-0.06,-2.4896,250313.14,58915.929
601333.SH,20200324,2.36,2.4,2.36,2.38,2.35,0.03,1.2766,234765.43,55800.789
601333.SH,20200325,2.42,2.44,2.4,2.42,2.38,0.04,1.6807,249809.69,60350.352
601333.SH,20200326,2.41,2.42,2.38,2.39,2.42,-0.03,-1.2397,182587.61,43775.807
601333.SH,20200327,2.4,2.43,2.39,2.41,2.39,0.02,0.8368,190425.15,45901.527
601333.SH,20200330,2.38,2.38,2.32,2.36,2.41,-0.05,-2.0747,287295.66,67692.777
601333.SH,20200331,2.37,2.39,2.33,2.37,2.36,0.01,0.4237,288571.8,68220.996
601333.SH,20200401,2.35,2.39,2.35,2.37,2.37,0.0,0.0,170970.51,40571.174
601333.SH,20200402,2.35,2.4,2.34,2.4,2.37,0.03,1.2658,212558.33,50385.498
601333.SH,20200403,2.4,2.4,2.35,2.37,2.4,-0.03,-1.25,178307.0,42227.447
601333.SH,20200407,2.39,2.41,2.39,2.41,2.37,0.04,1.6878,226618.73,54400.85
601333.SH,20200408,2.4,2.41,2.38,2.4,2.41,-0.01,-0.4149,185200.47,44363.488
601333.SH,20200409,2.41,2.42,2.4,2.4,2.4,0.0,0.0,152921.46,36793.727
601333.SH,20200410,2.41,2.41,2.37,2.37,2.4,-0.03,-1.25,158278.86,37723.831
601333.SH,20200413,2.36,2.37,2.35,2.36,2.37,-0.01,-0.4219,102048.14,24096.835
601333.SH,20200414,2.36,2.4,2.36,2.4,2.36,0.04,1.6949,143923.04,34301.156
601333.SH,20200415,2.4,2.41,2.39,2.4,2.4,0.0,0.0,139299.17,33416.201
601333.SH,20200416,2.39,2.42,2.38,2.41,2.4,0.01,0.4167,167689.36,40325.427
601333.SH,20200417,2.41,2.41,2.38,2.39,2.41,-0.02,-0.8299,199519.71,47835.295
601333.SH,20200420,2.39,2.4,2.37,2.38,2.39,-0.01,-0.4184,163742.04,38970.884
601333.SH,20200421,2.37,2.38,2.35,2.36,2.38,-0.02,-0.8403,140411.47,33099.264
601333.SH,20200422,2.35,2.38,2.33,2.37,2.36,0.01,0.4237,165431.57,38971.513
601333.SH,20200423,2.37,2.38,2.34,2.36,2.37,-0.01,-0.4219,166074.0,39130.27
601333.SH,20200424,2.35,2.35,2.32,2.34,2.36,-0.02,-0.8475,150523.01,35130.212
601333.SH,20200427,2.34,2.35,2.32,2.33,2.34,-0.01,-0.4274,127168.67,29736.774
601333.SH,20200428,2.34,2.34,2.28,2.3,2.33,-0.03,-1.2876,181170.39,41827.24
601333.SH,20200429,2.3,2.32,2.29,2.32,2.3,0.02,0.8696,97712.83,22595.528
601333.SH,20200430,2.32,2.38,2.32,2.37,2.32,0.05,2.1552,220757.53,52069.417
601333.SH,20200506,2.35,2.37,2.33,2.36,2.37,-0.01,-0.4219,230825.3,54116.619
601333.SH,20200507,2.36,2.36,2.32,2.33,2.36,-0.03,-1.2712,202718.54,47365.273
601333.SH,20200508,2.33,2.36,2.32,2.35,2.33,0.02,0.8584,236591.44,55351.858
601333.SH,20200511,2.35,2.36,2.33,2.34,2.35,-0.01,-0.4255,145160.33,34020.706
601333.SH,20200512,2.34,2.36,2.32,2.34,2.34,0.0,0.0,172693.44,40378.569
601333.SH,20200513,2.34,2.34,2.32,2.33,2.34,-0.01,-0.4274,89335.74,20834.786
601333.SH,20200514,2.32,2.33,2.29,2.3,2.33,-0.03,-1.2876,153542.0,35491.3
601333.SH,20200515,2.3,2.32,2.28,2.29,2.3,-0.01,-0.4348,167475.84,38498.677
601333.SH,20200518,2.3,2.3,2.26,2.26,2.29,-0.03,-1.31,212699.74,48345.134
601333.SH,20200519,2.28,2.28,2.27,2.27,2.26,0.01,0.4425,108550.54,24681.633
601333.SH,20200520,2.27,2.27,2.24,2.25,2.27,-0.02,-0.8811,149035.72,33598.089
601333.SH,20200521,2.26,2.26,2.21,2.21,2.25,-0.04,-1.7778,184543.65,41270.717
601333.SH,20200522,2.21,2.23,2.2,2.2,2.21,-0.01,-0.4525,158831.1,35133.358
601333.SH,20200525,2.2,2.23,2.19,2.21,2.2,0.01,0.4545,144422.61,31883.969
601333.SH,20200526,2.22,2.23,2.21,2.21,2.21,0.0,0.0,160991.0,35679.169
601333.SH,20200527,2.22,2.22,2.2,2.2,2.21,-0.01,-0.4525,124936.96,27560.934
601333.SH,20200528,2.2,2.23,2.19,2.22,2.2,0.02,0.9091,161493.57,35692.556
601333.SH,20200529,2.22,2.23,2.17,2.17,2.22,-0.05,-2.2523,310208.96,68064.609
601333.SH,20200601,2.18,2.23,2.18,2.22,2.17,0.05,2.3041,267711.58,59130.372
601333.SH,20200602,2.22,2.25,2.21,2.24,2.22,0.02,0.9009,254758.4,56955.343
601333.SH,20200603,2.26,2.28,2.25,2.25,2.24,0.01,0.4464,214157.82,48434.793
601333.SH,20200604,2.26,2.26,2.22,2.23,2.25,-0.02,-0.8889,163156.28,36465.305
601333.SH,20200605,2.23,2.25,2.22,2.25,2.23,0.02,0.8969,156193.75,34958.086
601333.SH,20200608,2.25,2.27,2.24,2.26,2.25,0.01,0.4444,182444.4,41178.907
601333.SH,20200609,2.26,2.27,2.25,2.26,2.26,0.0,0.0,221811.57,50185.614
601333.SH,20200610,2.26,2.29,2.25,2.27,2.26,0.01,0.4425,224488.58,51012.765
601333.SH,20200611,2.27,2.28,2.24,2.24,2.27,-0.03,-1.3216,176267.0,39757.359
601333.SH,20200612,2.22,2.26,2.21,2.24,2.24,0.0,0.0,185794.87,41548.935
601333.SH,20200615,2.24,2.25,2.21,2.21,2.24,-0.03,-1.3393,155791.01,34709.431
601333.SH,20200616,2.22,2.24,2.21,2.23,2.21,0.02,0.905,128393.62,28610.488
601333.SH,20200617,2.23,2.24,2.22,2.23,2.23,0.0,0.0,110752.85,24680.678
601333.SH,20200618,2.23,2.26,2.22,2.25,2.23,0.02,0.8969,187696.55,42175.139
601333.SH,20200619,2.25,2.28,2.24,2.26,2.25,0.01,0.4444,221086.66,50033.513
601333.SH,20200622,2.27,2.28,2.24,2.24,2.26,-0.02,-0.885,155189.72,35063.979
601333.SH,20200623,2.24,2.25,2.23,2.24,2.24,0.0,0.0,116647.98,26126.059
601333.SH,20200624,2.25,2.25,2.23,2.23,2.24,-0.01,-0.4464,94851.0,21219.394
601333.SH,20200629,2.23,2.27,2.23,2.26,2.23,0.03,1.3453,303874.03,68524.603
601333.SH,20200630,2.26,2.26,2.23,2.25,2.26,-0.01,-0.4425,164167.84,36922.996
601333.SH,20200701,2.25,2.28,2.24,2.26,2.25,0.01,0.4444,202327.38,45634.76
601333.SH,20200702,2.26,2.36,2.26,2.36,2.26,0.1,4.4248,573181.09,133530.566
601333.SH,20200703,2.35,2.43,2.34,2.4,2.36,0.04,1.6949,545717.62,130720.136
601333.SH,20200706,2.43,2.59,2.42,2.58,2.4,0.18,7.5,939919.59,234997.496
601333.SH,20200707,2.6,2.65,2.52,2.53,2.58,-0.05,-1.938,810419.38,207467.092
601333.SH,20200708,2.52,2.56,2.48,2.55,2.53,0.02,0.7905,546555.67,137951.214
601333.SH,20200709,2.55,2.58,2.52,2.56,2.55,0.01,0.3922,530672.02,135287.743
601333.SH,20200710,2.55,2.55,2.48,2.48,2.56,-0.08,-3.125,531714.56,133723.983
601333.SH,20200713,2.48,2.54,2.48,2.53,2.48,0.05,2.0161,432467.71,108964.402
601333.SH,20200714,2.53,2.55,2.49,2.52,2.53,-0.01,-0.3953,374718.08,94328.068
601333.SH,20200715,2.52,2.54,2.48,2.48,2.52,-0.04,-1.5873,343754.26,86246.219
601333.SH,20200716,2.49,2.51,2.38,2.39,2.48,-0.09,-3.629,531872.62,130099.002
601333.SH,20200717,2.39,2.41,2.36,2.38,2.39,-0.01,-0.4184,261685.54,62443.099
601333.SH,20200720,2.39,2.44,2.37,2.44,2.38,0.06,2.521,326829.26,78760.52
601333.SH,20200721,2.44,2.55,2.43,2.54,2.44,0.1,4.0984,715514.59,178474.974
601333.SH,20200722,2.53,2.55,2.49,2.51,2.54,-0.03,-1.1811,355757.01,89618.229
601333.SH,20200723,2.49,2.5,2.42,2.45,2.51,-0.06,-2.3904,302309.35,74288.857
601333.SH,20200724,2.45,2.45,2.37,2.39,2.45,-0.06,-2.449,294442.0,70880.774
601333.SH,20200727,2.39,2.41,2.37,2.41,2.39,0.02,0.8368,176882.33,42346.646
601333.SH,20200728,2.41,2.43,2.4,2.41,2.41,0.0,0.0,148372.0,35750.895
601333.SH,20200729,2.4,2.44,2.38,2.43,2.41,0.02,0.8299,179924.72,43443.948
601333.SH,20200730,2.43,2.45,2.41,2.43,2.43,0.0,0.0,172351.61,41845.717
601333.SH,20200731,2.43,2.47,2.42,2.46,2.43,0.03,1.2346,277467.57,67962.723
601333.SH,20200803,2.45,2.5,2.45,2.5,2.46,0.04,1.626,260528.82,64640.571
601333.SH,20200804,2.49,2.65,2.48,2.59,2.5,0.09,3.6,850066.18,218865.304
601333.SH,20200805,2.58,2.58,2.51,2.53,2.59,-0.06,-2.3166,504169.54,127843.461
601333.SH,20200806,2.54,2.56,2.5,2.52,2.53,-0.01,-0.3953,291228.56,73645.91
601333.SH,20200807,2.53,2.53,2.48,2.51,2.52,-0.01,-0.3968,246039.27,61567.505
601333.SH,20200810,2.5,2.69,2.49,2.63,2.51,0.12,4.7809,726046.91,189409.611
601333.SH,20200811,2.62,2.63,2.55,2.56,2.63,-0.07,-2.6616,420508.07,108748.34
601333.SH,20200812,2.56,2.6,2.53,2.58,2.56,0.02,0.7813,279087.22,71521.047
601333.SH,20200813,2.58,2.61,2.57,2.59,2.58,0.01,0.3876,290954.18,75342.692
601333.SH,20200814,2.54,2.55,2.51,2.54,2.53,0.01,0.3953,218478.61,55315.468
601333.SH,20200817,2.55,2.58,2.53,2.57,2.54,0.03,1.1811,302912.09,77497.853
601333.SH,20200818,2.57,2.57,2.53,2.54,2.57,-0.03,-1.1673,203127.73,51861.383
601333.SH,20200819,2.54,2.56,2.52,2.53,2.54,-0.01,-0.3937,283960.13,72138.405
601333.SH,20200820,2.53,2.54,2.5,2.51,2.53,-0.02,-0.7905,213590.87,53769.551
601333.SH,20200821,2.51,2.53,2.51,2.52,2.51,0.01,0.3984,189493.28,47738.664
601333.SH,20200824,2.52,2.53,2.5,2.51,2.52,-0.01,-0.3968,178117.29,44663.366
601333.SH,20200825,2.51,2.52,2.47,2.48,2.51,-0.03,-1.1952,159266.0,39723.014
601333.SH,20200826,2.49,2.5,2.43,2.44,2.48,-0.04,-1.6129,206835.0,50865.091
601333.SH,20200827,2.44,2.46,2.43,2.44,2.44,0.0,0.0,151514.09,36988.821
601333.SH,20200828,2.44,2.48,2.42,2.47,2.44,0.03,1.2295,211349.77,51693.789
601333.SH,20200831,2.46,2.48,2.42,2.43,2.47,-0.04,-1.6194,204314.0,50155.167
601333.SH,20200901,2.43,2.5,2.43,2.47,2.43,0.04,1.6461,280624.87,69499.358
601333.SH,20200902,2.47,2.49,2.43,2.45,2.47,-0.02,-0.8097,156376.45,38384.21
601333.SH,20200903,2.45,2.47,2.44,2.45,2.45,0.0,0.0,101179.84,24827.242
601333.SH,20200904,2.43,2.43,2.39,2.42,2.45,-0.03,-1.2245,195899.0,47275.018
601333.SH,20200907,2.41,2.44,2.4,2.41,2.42,-0.01,-0.4132,154339.21,37347.338
601333.SH,20200908,2.41,2.47,2.39,2.45,2.41,0.04,1.6598,191176.52,46569.771
601333.SH,20200909,2.44,2.54,2.43,2.51,2.45,0.06,2.449,577097.75,144566.062
601333.SH,20200910,2.54,2.54,2.42,2.43,2.51,-0.08,-3.1873,427195.21,105346.256
601333.SH,20200911,2.42,2.44,2.41,2.41,2.43,-0.02,-0.823,196922.53,47737.487
601333.SH,20200914,2.42,2.43,2.4,2.41,2.41,0.0,0.0,136886.57,33001.979
601333.SH,20200915,2.42,2.42,2.4,2.41,2.41,0.0,0.0,97677.42,23518.358
601333.SH,20200916,2.41,2.44,2.4,2.42,2.41,0.01,0.4149,131513.49,31829.235
601333.SH,20200917,2.42,2.44,2.4,2.42,2.42,0.0,0.0,130692.24,31605.393
601333.SH,20200918,2.42,2.45,2.41,2.45,2.42,0.03,1.2397,137509.6,33520.005
601333.SH,20200921,2.45,2.47,2.43,2.45,2.45,0.0,0.0,142414.01,34886.378
601333.SH,20200922,2.44,2.44,2.4,2.41,2.45,-0.04,-1.6327,152252.8,36772.643
601333.SH,20200923,2.41,2.43,2.39,2.4,2.41,-0.01,-0.4149,110745.0,26627.194
601333.SH,20200924,2.39,2.39,2.35,2.36,2.4,-0.04,-1.6667,149473.75,35358.585
601333.SH,20200925,2.36,2.37,2.32,2.34,2.36,-0.02,-0.8475,134101.52,31330.939
601333.SH,20200928,2.33,2.35,2.32,2.34,2.34,0.0,0.0,79855.14,18621.619
601333.SH,20200929,2.34,2.36,2.33,2.34,2.34,0.0,0.0,82750.36,19405.609
601333.SH,20200930,2.34,2.35,2.3,2.32,2.34,-0.02,-0.8547,100205.0,23256.063
601333.SH,20201009,2.34,2.37,2.34,2.34,2.32,0.02,0.8621,108811.0,25620.608
601333.SH,20201012,2.35,2.41,2.35,2.39,2.34,0.05,2.1368,179222.01,42676.876
601333.SH,20201013,2.4,2.4,2.36,2.38,2.39,-0.01,-0.4184,101857.2,24225.612
601333.SH,20201014,2.37,2.38,2.35,2.37,2.38,-0.01,-0.4202,87718.0,20756.013
601333.SH,20201015,2.35,2.37,2.34,2.36,2.37,-0.01,-0.4219,85207.8,20072.801
601333.SH,20201016,2.35,2.38,2.35,2.37,2.36,0.01,0.4237,87576.39,20693.746
601333.SH,20201019,2.38,2.4,2.36,2.37,2.37,0.0,0.0,121797.01,28916.027
601333.SH,20201020,2.36,2.36,2.34,2.36,2.37,-0.01,-0.4219,57495.99,13517.246
601333.SH,20201021,2.36,2.36,2.34,2.36,2.36,0.0,0.0,72803.02,17088.979
601333.SH,20201022,2.35,2.36,2.33,2.34,2.36,-0.02,-0.8475,72360.0,16931.437
601333.SH,20201023,2.34,2.36,2.33,2.36,2.34,0.02,0.8547,75650.44,17808.497
601333.SH,20201026,2.37,2.37,2.34,2.35,2.36,-0.01,-0.4237,79774.04,18760.089
601333.SH,20201027,2.34,2.36,2.32,2.34,2.35,-0.01,-0.4255,167881.03,39266.8
601333.SH,20201028,2.34,2.35,2.32,2.35,2.34,0.01,0.4274,81547.81,19011.959
601333.SH,20201029,2.32,2.33,2.3,2.31,2.35,-0.04,-1.7021,105583.13,24438.62
601333.SH,20201030,2.31,2.32,2.26,2.26,2.31,-0.05,-2.1645,169365.1,38824.99
601333.SH,20201102,2.27,2.27,2.21,2.22,2.26,-0.04,-1.7699,169682.7,37848.416
601333.SH,20201103,2.23,2.28,2.22,2.26,2.22,0.04,1.8018,104833.38,23624.824
601333.SH,20201104,2.26,2.26,2.23,2.24,2.26,-0.02,-0.885,104193.0,23394.788
601333.SH,20201105,2.25,2.29,2.24,2.28,2.24,0.04,1.7857,154313.1,34992.847
601333.SH,20201106,2.28,2.31,2.26,2.3,2.28,0.02,0.8772,160444.58,36662.491
601333.SH,20201109,2.31,2.37,2.3,2.34,2.3,0.04,1.7391,245347.18,57600.414
601333.SH,20201110,2.36,2.41,2.33,2.34,2.34,0.0,0.0,258269.0,61306.861
601333.SH,20201111,2.33,2.38,2.32,2.36,2.34,0.02,0.8547,185838.28,43842.485
601333.SH,20201112,2.36,2.38,2.35,2.36,2.36,0.0,0.0,128805.86,30526.459
601333.SH,20201113,2.37,2.37,2.32,2.34,2.36,-0.02,-0.8475,148835.44,34727.72
601333.SH,20201116,2.34,2.4,2.34,2.39,2.34,0.05,2.1368,202104.84,48071.366
601333.SH,20201117,2.38,2.4,2.37,2.4,2.39,0.01,0.4184,144832.91,34605.182
601333.SH,20201118,2.38,2.41,2.37,2.37,2.4,-0.03,-1.25,166233.97,39736.083
601333.SH,20201119,2.39,2.39,2.36,2.39,2.37,0.02,0.8439,133037.98,31622.544
601333.SH,20201120,2.38,2.39,2.36,2.38,2.39,-0.01,-0.4184,141657.89,33623.767
601333.SH,20201123,2.38,2.41,2.37,2.39,2.38,0.01,0.4202,256827.35,61337.574
601333.SH,20201124,2.39,2.39,2.37,2.38,2.39,-0.01,-0.4184,101315.0,24123.719
601333.SH,20201125,2.38,2.4,2.35,2.35,2.38,-0.03,-1.2605,165103.0,39284.631
601333.SH,20201126,2.37,2.38,2.35,2.38,2.35,0.03,1.2766,172599.89,40869.079
601333.SH,20201127,2.37,2.38,2.35,2.38,2.38,0.0,0.0,130527.0,30860.361
601333.SH,20201130,2.37,2.4,2.36,2.37,2.38,-0.01,-0.4202,288834.98,68918.287
601333.SH,20201201,2.36,2.4,2.35,2.38,2.37,0.01,0.4219,315180.04,74936.181
601333.SH,20201202,2.38,2.4,2.36,2.38,2.38,0.0,0.0,262531.71,62466.74
601333.SH,20201203,2.38,2.41,2.36,2.39,2.38,0.01,0.4202,306887.94,73199.01
601333.SH,20201204,2.39,2.39,2.37,2.38,2.39,-0.01,-0.4184,120178.41,28582.775
601333.SH,20201207,2.38,2.38,2.35,2.35,2.38,-0.03,-1.2605,152413.0,36040.852
601333.SH,20201208,2.35,2.37,2.35,2.36,2.35,0.01,0.4255,95560.18,22535.584
601333.SH,20201209,2.36,2.36,2.29,2.29,2.36,-0.07,-2.9661,152643.01,35493.677
601333.SH,20201210,2.29,2.31,2.27,2.29,2.29,0.0,0.0,123578.69,28360.914
601333.SH,20201211,2.29,2.3,2.23,2.26,2.29,-0.03,-1.31,249974.64,56470.702
601333.SH,20201214,2.26,2.27,2.24,2.26,2.26,0.0,0.0,120920.38,27193.948
601333.SH,20201215,2.25,2.26,2.24,2.25,2.26,-0.01,-0.4425,86111.32,19361.771
601333.SH,20201216,2.24,2.26,2.23,2.25,2.25,0.0,0.0,114848.0,25731.596
601333.SH,20201217,2.24,2.28,2.23,2.27,2.25,0.02,0.8889,137833.63,31124.832
601333.SH,20201218,2.27,2.3,2.26,2.27,2.27,0.0,0.0,146878.82,33554.837
601333.SH,20201221,2.29,2.3,2.27,2.29,2.27,0.02,0.8811,108284.0,24807.406
601333.SH,20201222,2.28,2.29,2.24,2.25,2.29,-0.04,-1.7467,144401.0,32646.66
601333.SH,20201223,2.24,2.26,2.23,2.25,2.25,0.0,0.0,172477.0,38740.446
601333.SH,20201224,2.24,2.25,2.22,2.23,2.25,-0.02,-0.8889,157167.1,35075.323
601333.SH,20201225,2.23,2.28,2.22,2.23,2.23,0.0,0.0,376366.03,84525.702
601333.SH,20201228,2.23,2.25,2.2,2.2,2.23,-0.03,-1.3453,228396.75,50677.573
601333.SH,20201229,2.2,2.28,2.2,2.23,2.2,0.03,1.3636,214333.56,47987.797
601333.SH,20201230,2.23,2.24,2.22,2.23,2.23,0.0,0.0,135162.75,30143.522
601333.SH,20201231,2.23,2.25,2.22,2.22,2.23,-0.01,-0.4484,235553.0,52530.933
601333.SH,20210104,2.22,2.23,2.2,2.21,2.22,-0.01,-0.4505,221778.08,49071.812
601333.SH,20210105,2.21,2.24,2.2,2.22,2.21,0.01,0.4525,226163.87,50105.795
601333.SH,20210106,2.22,2.24,2.2,2.23,2.22,0.01,0.4505,274179.29,60978.676
601333.SH,20210107,2.23,2.23,2.2,2.21,2.23,-0.02,-0.8969,266968.27,59123.738
601333.SH,20210108,2.21,2.22,2.19,2.21,2.21,0.0,0.0,180456.6,39803.43
601333.SH,20210111,2.2,2.21,2.15,2.17,2.21,-0.04,-1.81,230874.02,50336.434
601333.SH,20210112,2.16,2.19,2.15,2.17,2.17,0.0,0.0,182453.53,39573.501
601333.SH,20210113,2.16,2.21,2.14,2.19,2.17,0.02,0.9217,282048.82,61315.252
601333.SH,20210114,2.18,2.23,2.17,2.21,2.19,0.02,0.9132,219574.08,48580.484
601333.SH,20210115,2.21,2.24,2.2,2.21,2.21,0.0,0.0,159326.4,35387.724
601333.SH,20210118,2.2,2.21,2.19,2.2,2.21,-0.01,-0.4525,152588.28,33584.632
601333.SH,20210119,2.2,2.23,2.18,2.23,2.2,0.03,1.3636,236882.25,52461.083
601333.SH,20210120,2.22,2.23,2.21,2.21,2.23,-0.02,-0.8969,217590.1,48267.066
601333.SH,20210121,2.21,2.22,2.2,2.2,2.21,-0.01,-0.4525,202270.77,44632.422
601333.SH,20210122,2.2,2.2,2.16,2.17,2.2,-0.03,-1.3636,210036.68,45729.407
601333.SH,20210125,2.16,2.17,2.14,2.14,2.17,-0.03,-1.3825,283559.16,60867.701
601333.SH,20210126,2.14,2.15,2.11,2.12,2.14,-0.02,-0.9346,220170.07,46775.157
601333.SH,20210127,2.12,2.12,2.1,2.11,2.12,-0.01,-0.4717,182860.51,38559.379
601333.SH,20210128,2.1,2.11,2.09,2.1,2.11,-0.01,-0.4739,174009.32,36476.692
601333.SH,20210129,2.09,2.1,2.06,2.07,2.1,-0.03,-1.4286,214046.01,44456.306
601333.SH,20210201,2.06,2.07,2.01,2.02,2.07,-0.05,-2.4155,255417.2,51956.015
601333.SH,20210202,2.02,2.04,2.0,2.0,2.02,-0.02,-0.9901,187570.99,37814.813
601333.SH,20210203,2.01,2.05,1.98,2.04,2.0,0.04,2.0,312164.76,62813.87
601333.SH,20210204,2.04,2.04,2.0,2.02,2.04,-0.02,-0.9804,186588.58,37604.095
601333.SH,20210205,2.0,2.02,1.98,1.99,2.02,-0.03,-1.4851,253288.58,50557.108
601333.SH,20210208,1.99,2.02,1.98,2.0,1.99,0.01,0.5025,318434.0,63521.345
601333.SH,20210209,2.0,2.01,1.98,2.0,2.0,0.0,0.0,194299.65,38801.486
601333.SH,20210210,2.0,2.02,1.99,2.01,2.0,0.01,0.5,166474.89,33479.289
601333.SH,20210218,2.03,2.08,2.03,2.06,2.01,0.05,2.4876,268128.11,55028.928
601333.SH,20210219,2.06,2.15,2.05,2.15,2.06,0.09,4.3689,419700.58,88699.894
601333.SH,20210222,2.19,2.22,2.16,2.18,2.15,0.03,1.3953,446112.62,97694.501
601333.SH,20210223,2.18,2.2,2.15,2.17,2.18,-0.01,-0.4587,319205.5,69278.719
601333.SH,20210224,2.17,2.21,2.16,2.18,2.17,0.01,0.4608,236655.02,51649.046
601333.SH,20210225,2.19,2.2,2.17,2.2,2.18,0.02,0.9174,198243.72,43430.926
601333.SH,20210226,2.18,2.19,2.15,2.17,2.2,-0.03,-1.3636,304192.09,66085.64
601333.SH,20210301,2.17,2.19,2.16,2.17,2.17,0.0,0.0,154227.27,33505.256
601333.SH,20210302,2.18,2.19,2.15,2.15,2.17,-0.02,-0.9217,181649.1,39342.988
601333.SH,20210303,2.16,2.19,2.15,2.18,2.15,0.03,1.3953,170186.0,37026.076
601333.SH,20210304,2.18,2.21,2.17,2.19,2.18,0.01,0.4587,342649.0,75131.904
601333.SH,20210305,2.18,2.21,2.18,2.21,2.19,0.02,0.9132,279445.33,61417.257
601333.SH,20210308,2.21,2.24,2.19,2.2,2.21,-0.01,-0.4525,229317.01,50788.225
601333.SH,20210309,2.2,2.24,2.19,2.23,2.2,0.03,1.3636,419312.86,93007.432
601333.SH,20210310,2.23,2.24,2.16,2.17,2.23,-0.06,-2.6906,318598.01,69865.686
601333.SH,20210311,2.17,2.19,2.16,2.19,2.17,0.02,0.9217,196041.12,42737.106
601333.SH,20210312,2.19,2.2,2.15,2.2,2.19,0.01,0.4566,341600.25,74392.452
601333.SH,20210315,2.19,2.28,2.18,2.26,2.2,0.06,2.7273,484151.8,108781.359
601333.SH,20210316,2.26,2.28,2.25,2.27,2.26,0.01,0.4425,235019.38,53286.193
601333.SH,20210317,2.28,2.28,2.24,2.25,2.27,-0.02,-0.8811,166408.2,37566.192
601333.SH,20210318,2.26,2.26,2.24,2.25,2.25,0.0,0.0,159207.1,35789.954
601333.SH,20210319,2.25,2.25,2.21,2.22,2.25,-0.03,-1.3333,246350.5,54849.342
601333.SH,20210322,2.22,2.26,2.21,2.26,2.22,0.04,1.8018,173267.52,38920.022
601333.SH,20210323,2.26,2.27,2.23,2.24,2.26,-0.02,-0.885,185929.01,41612.176
601333.SH,20210324,2.25,2.25,2.22,2.23,2.24,-0.01,-0.4464,180020.0,40290.011
601333.SH,20210325,2.24,2.25,2.22,2.23,2.23,0.0,0.0,171914.52,38411.178
601333.SH,20210326,2.23,2.25,2.22,2.23,2.23,0.0,0.0,164676.0,36871.533
601333.SH,20210329,2.23,2.26,2.23,2.25,2.23,0.02,0.8969,181897.16,40836.077
601333.SH,20210330,2.25,2.26,2.23,2.24,2.25,-0.01,-0.4444,152201.81,34129.252
601333.SH,20210331,2.24,2.28,2.23,2.26,2.24,0.02,0.8929,257870.92,58255.725
601333.SH,20210401,2.27,2.28,2.25,2.26,2.26,0.0,0.0,178930.13,40556.085
601333.SH,20210402,2.25,2.27,2.24,2.25,2.26,-0.01,-0.4425,155108.55,34924.141
601333.SH,20210406,2.25,2.32,2.24,2.26,2.25,0.01,0.4444,330081.08,75019.929
601333.SH,20210407,2.27,2.28,2.25,2.28,2.26,0.02,0.885,202036.76,45893.177
601333.SH,20210408,2.28,2.28,2.25,2.26,2.28,-0.02,-0.8772,180079.24,40817.443
601333.SH,20210409,2.27,2.27,2.24,2.27,2.26,0.01,0.4425,138569.15,31303.339
601333.SH,20210412,2.27,2.3,2.25,2.29,2.27,0.02,0.8811,255452.01,58280.643
601333.SH,20210413,2.29,2.3,2.26,2.29,2.29,0.0,0.0,293841.02,66970.868
601333.SH,20210414,2.27,2.29,2.25,2.25,2.29,-0.04,-1.7467,167394.0,37896.8
601333.SH,20210415,2.26,2.27,2.25,2.27,2.25,0.02,0.8889,199374.98,45061.874
601333.SH,20210416,2.26,2.29,2.26,2.29,2.27,0.02,0.8811,201258.0,45924.359
601333.SH,20210419,2.29,2.32,2.28,2.29,2.29,0.0,0.0,251289.19,57811.612
601333.SH,20210420,2.29,2.3,2.27,2.28,2.29,-0.01,-0.4367,189933.32,43364.029
601333.SH,20210421,2.28,2.28,2.24,2.25,2.28,-0.03,-1.3158,184654.32,41631.74
601333.SH,20210422,2.25,2.27,2.23,2.23,2.25,-0.02,-0.8889,160288.37,35995.646
601333.SH,20210423,2.24,2.24,2.18,2.2,2.23,-0.03,-1.3453,212628.0,46816.686
601333.SH,20210426,2.19,2.2,2.14,2.15,2.2,-0.05,-2.2727,300540.59,65085.442
601333.SH,20210427,2.15,2.16,2.11,2.14,2.15,-0.01,-0.4651,218108.15,46547.015
601333.SH,20210428,2.14,2.16,2.13,2.14,2.14,0.0,0.0,181829.01,38999.829
601333.SH,20210429,2.15,2.17,2.14,2.17,2.14,0.03,1.4019,180815.02,39043.938
601333.SH,20210430,2.16,2.18,2.13,2.15,2.17,-0.02,-0.9217,173603.65,37326.683
601333.SH,20210506,2.15,2.18,2.14,2.17,2.15,0.02,0.9302,201614.57,43741.433
601333.SH,20210507,2.17,2.19,2.16,2.18,2.17,0.01,0.4608,169882.52,37068.811
601333.SH,20210510,2.19,2.22,2.17,2.2,2.18,0.02,0.9174,218396.01,48122.171
601333.SH,20210511,2.2,2.23,2.2,2.23,2.2,0.03,1.3636,166277.01,36864.74
601333.SH,20210512,2.23,2.23,2.2,2.22,2.23,-0.01,-0.4484,159657.01,35293.384
601333.SH,20210513,2.21,2.22,2.19,2.2,2.22,-0.02,-0.9009,140854.66,31073.295
601333.SH,20210514,2.2,2.23,2.19,2.23,2.2,0.03,1.3636,205681.01,45583.278
601333.SH,20210517,2.23,2.23,2.2,2.2,2.23,-0.03,-1.3453,222581.01,49247.291
601333.SH,20210518,2.2,2.22,2.19,2.21,2.2,0.01,0.4545,177276.37,39061.902
601333.SH,20210519,2.22,2.22,2.16,2.18,2.21,-0.03,-1.3575,240570.0,52385.894
601333.SH,20210520,2.17,2.17,2.15,2.16,2.18,-0.02,-0.9174,149885.01,32345.845
601333.SH,20210521,2.16,2.17,2.15,2.16,2.16,0.0,0.0,167561.02,36098.582
601333.SH,20210524,2.16,2.17,2.12,2.13,2.16,-0.03,-1.3889,243964.01,52295.51
601333.SH,20210525,2.12,2.16,2.12,2.15,2.13,0.02,0.939,212418.02,45469.719
601333.SH,20210526,2.15,2.16,2.13,2.15,2.15,0.0,0.0,206364.03,44239.527
601333.SH,20210527,2.15,2.16,2.14,2.15,2.15,0.0,0.0,202776.41,43552.565
601333.SH,20210528,2.15,2.18,2.14,2.17,2.15,0.02,0.9302,298715.85,64655.414
601333.SH,20210531,2.17,2.17,2.14,2.14,2.17,-0.03,-1.3825,284019.09,61053.488
601333.SH,20210601,2.15,2.15,2.13,2.14,2.14,0.0,0.0,153882.65,32922.932
601333.SH,20210602,2.14,2.16,2.13,2.14,2.14,0.0,0.0,214218.59,45920.343
601333.SH,20210603,2.14,2.17,2.14,2.15,2.14,0.01,0.4673,227499.1,48995.89
601333.SH,20210604,2.15,2.16,2.15,2.16,2.15,0.01,0.4651,142122.13,30622.714
601333.SH,20210607,2.15,2.16,2.14,2.14,2.16,-0.02,-0.9259,158098.0,33920.41
601333.SH,20210608,2.15,2.16,2.13,2.16,2.14,0.02,0.9346,158263.52,34032.591
601333.SH,20210609,2.16,2.17,2.15,2.16,2.16,0.0,0.0,174115.33,37595.956
601333.SH,20210610,2.16,2.2,2.16,2.19,2.16,0.03,1.3889,270566.46,59110.951
601333.SH,20210611,2.2,2.21,2.19,2.21,2.19,0.02,0.9132,209134.32,46011.612
601333.SH,20210615,2.2,2.21,2.17,2.19,2.21,-0.02,-0.905,230020.08,50252.25
601333.SH,20210616,2.19,2.19,2.16,2.17,2.19,-0.02,-0.9132,134802.4,29284.038
601333.SH,20210617,2.16,2.18,2.15,2.15,2.17,-0.02,-0.9217,114105.75,24627.184
601333.SH,20210618,2.15,2.16,2.13,2.15,2.15,0.0,0.0,139084.0,29804.142
601333.SH,20210621,2.15,2.15,2.13,2.13,2.15,-0.02,-0.9302,140438.8,30018.36
601333.SH,20210622,2.13,2.15,2.13,2.14,2.13,0.01,0.4695,109747.0,23510.863
601333.SH,20210623,2.14,2.16,2.13,2.15,2.14,0.01,0.4673,161021.33,34528.515
601333.SH,20210624,2.14,2.15,2.13,2.14,2.15,-0.01,-0.4651,118037.3,25286.983
601333.SH,20210625,2.14,2.15,2.13,2.14,2.14,0.0,0.0,119362.86,25572.602
601333.SH,20210628,2.14,2.16,2.13,2.14,2.14,0.0,0.0,173949.1,37270.487
601333.SH,20210629,2.14,2.14,2.13,2.13,2.14,-0.01,-0.4673,132115.37,28199.63
601333.SH,20210630,2.13,2.14,2.11,2.12,2.13,-0.01,-0.4695,180148.64,38264.328
601333.SH,20210701,2.12,2.13,2.09,2.11,2.12,-0.01,-0.4717,216043.79,45551.782
601333.SH,20210702,2.11,2.11,2.09,2.1,2.11,-0.01,-0.4739,138391.2,29003.751
601333.SH,20210705,2.09,2.11,2.09,2.1,2.1,0.0,0.0,119842.37,25165.223
601333.SH,20210706,2.1,2.11,2.09,2.1,2.1,0.0,0.0,90993.65,19128.571
601333.SH,20210707,2.1,2.11,2.09,2.11,2.1,0.01,0.4762,128831.51,27077.277
601333.SH,20210708,2.1,2.1,2.08,2.09,2.11,-0.02,-0.9479,125454.69,26215.828
601333.SH,20210709,2.08,2.1,2.08,2.09,2.09,0.0,0.0,118029.7,24638.153
601333.SH,20210712,2.09,2.1,2.09,2.1,2.09,0.01,0.4785,110089.25,23043.386
601333.SH,20210713,2.09,2.1,2.07,2.09,2.1,-0.01,-0.4762,162488.53,33827.139
601333.SH,20210714,2.08,2.09,2.06,2.08,2.09,-0.01,-0.4785,178613.93,37056.567
601333.SH,20210715,2.08,2.09,2.07,2.08,2.08,0.0,0.0,151269.31,31464.901
601333.SH,20210716,2.08,2.11,2.08,2.1,2.08,0.02,0.9615,203891.07,42798.03
601333.SH,20210719,2.1,2.11,2.08,2.09,2.1,-0.01,-0.4762,138876.0,29028.663
601333.SH,20210720,2.08,2.09,2.07,2.09,2.09,0.0,0.0,93068.01,19359.72
601333.SH,20210721,2.08,2.09,2.07,2.08,2.09,-0.01,-0.4785,114170.0,23750.342
601333.SH,20210722,2.08,2.09,2.07,2.08,2.08,0.0,0.0,112921.1,23515.655
601333.SH,20210723,2.08,2.09,2.07,2.09,2.08,0.01,0.4808,132787.0,27655.069
601333.SH,20210726,2.09,2.09,2.04,2.05,2.09,-0.04,-1.9139,209866.0,43288.987
601333.SH,20210727,2.05,2.05,2.02,2.03,2.05,-0.02,-0.9756,223008.99,45317.714
601333.SH,20210728,2.02,2.03,2.0,2.01,2.03,-0.02,-0.9852,247374.0,49877.331
601333.SH,20210729,2.01,2.01,1.98,1.98,2.01,-0.03,-1.4925,335427.0,66821.052
601333.SH,20210730,1.97,1.98,1.93,1.94,1.98,-0.04,-2.0202,535174.0,104350.608
601333.SH,20210802,1.93,1.97,1.93,1.95,1.94,0.01,0.5155,283375.62,55294.511
601333.SH,20210803,1.96,1.97,1.94,1.95,1.95,0.0,0.0,376958.81,73442.389
601333.SH,20210804,1.94,1.95,1.9,1.91,1.95,-0.04,-2.0513,406082.69,77960.523
601333.SH,20210805,1.91,1.94,1.89,1.93,1.91,0.02,1.0471,487528.0,93396.406
601333.SH,20210806,1.93,1.94,1.92,1.94,1.93,0.01,0.5181,211016.01,40799.666
601333.SH,20210809,1.94,2.0,1.94,1.99,1.94,0.05,2.5773,372654.16,73668.601
601333.SH,20210810,1.99,2.0,1.98,1.99,1.99,0.0,0.0,194757.26,38794.9
601333.SH,20210811,2.0,2.01,1.99,2.0,1.99,0.01,0.5025,239171.43,47874.423
601333.SH,20210812,2.0,2.02,1.99,2.01,2.0,0.01,0.5,190723.81,38270.517
601333.SH,20210813,2.01,2.02,2.0,2.01,2.01,0.0,0.0,103640.01,20868.113
601333.SH,20210816,2.01,2.05,2.0,2.04,2.01,0.03,1.4925,199523.07,40602.351
601333.SH,20210817,2.04,2.06,2.03,2.03,2.04,-0.01,-0.4902,230590.77,47063.805
601333.SH,20210818,2.03,2.04,2.0,2.03,2.03,0.0,0.0,193417.52,39124.669
601333.SH,20210819,2.04,2.06,2.02,2.05,2.03,0.02,0.9852,241839.13,49408.461
601333.SH,20210820,2.05,2.07,2.04,2.06,2.05,0.01,0.4878,223548.55,45954.287
601333.SH,20210823,2.06,2.1,2.05,2.07,2.06,0.01,0.4854,278066.28,57967.771
601333.SH,20210824,2.08,2.08,2.05,2.07,2.07,0.0,0.0,159234.66,32878.521
601333.SH,20210825,2.07,2.07,2.05,2.06,2.07,-0.01,-0.4831,220632.99,45485.517
601333.SH,20210826,2.07,2.12,2.06,2.11,2.06,0.05,2.4272,300692.49,63152.405
601333.SH,20210827,2.11,2.12,2.09,2.1,2.11,-0.01,-0.4739,185938.02,39032.897
601333.SH,20210830,2.11,2.11,2.07,2.09,2.1,-0.01,-0.4762,136906.0,28623.587
601333.SH,20210831,2.09,2.14,2.09,2.13,2.09,0.04,1.9139,372413.0,79054.181
601333.SH,20210901,2.14,2.21,2.12,2.17,2.13,0.04,1.8779,661296.68,142950.102
601333.SH,20210902,2.17,2.21,2.16,2.19,2.17,0.02,0.9217,497559.68,108745.12
601333.SH,20210903,2.2,2.23,2.18,2.19,2.19,0.0,0.0,375477.55,82771.763
601333.SH,20210906,2.2,2.27,2.19,2.24,2.19,0.05,2.2831,470778.17,105589.248
601333.SH,20210907,2.23,2.31,2.23,2.3,2.24,0.06,2.6786,576362.54,131386.861
601333.SH,20210908,2.31,2.38,2.3,2.38,2.3,0.08,3.4783,592623.39,139210.39
601333.SH,20210909,2.38,2.4,2.34,2.38,2.38,0.0,0.0,588610.78,139925.456
601333.SH,20210910,2.4,2.44,2.35,2.38,2.38,0.0,0.0,582172.06,139452.361
601333.SH,20210913,2.38,2.43,2.36,2.43,2.38,0.05,2.1008,454770.69,109602.78
601333.SH,20210914,2.43,2.46,2.34,2.35,2.43,-0.08,-3.2922,535467.01,127564.0
601333.SH,20210915,2.35,2.41,2.34,2.38,2.35,0.03,1.2766,474242.06,112787.174
601333.SH,20210916,2.4,2.49,2.37,2.37,2.38,-0.01,-0.4202,671366.01,163350.071
601333.SH,20210917,2.39,2.39,2.29,2.35,2.37,-0.02,-0.8439,479877.25,112271.889
601333.SH,20210922,2.33,2.41,2.3,2.41,2.35,0.06,2.5532,356348.97,84417.643
601333.SH,20210923,2.43,2.45,2.39,2.44,2.41,0.03,1.2448,418466.23,101595.558
601333.SH,20210924,2.44,2.45,2.4,2.42,2.44,-0.02,-0.8197,280705.24,67969.238
601333.SH,20210927,2.41,2.42,2.3,2.33,2.42,-0.09,-3.719,426268.65,99867.207
601333.SH,20210928,2.32,2.41,2.28,2.38,2.33,0.05,2.1459,390895.0,91987.328
601333.SH,20210929,2.36,2.39,2.34,2.37,2.38,-0.01,-0.4202,312352.0,73746.299
601333.SH,20210930,2.38,2.39,2.32,2.35,2.37,-0.02,-0.8439,276408.17,64649.817
601333.SH,20211008,2.36,2.4,2.35,2.39,2.35,0.04,1.7021,335421.12,79628.868
601333.SH,20211011,2.39,2.4,2.36,2.36,2.39,-0.03,-1.2552,225873.23,53627.076
601333.SH,20211012,2.35,2.39,2.32,2.33,2.36,-0.03,-1.2712,321251.37,75552.053
601333.SH,20211013,2.33,2.34,2.2,2.27,2.33,-0.06,-2.5751,489110.83,110664.411
601333.SH,20211014,2.29,2.4,2.27,2.38,2.27,0.11,4.8458,464003.33,108585.708
601333.SH,20211015,2.37,2.38,2.27,2.29,2.38,-0.09,-3.7815,341785.48,78887.695
601333.SH,20211018,2.27,2.33,2.27,2.31,2.29,0.02,0.8734,226867.04,52248.529
601333.SH,20211019,2.34,2.36,2.3,2.31,2.31,0.0,0.0,216983.17,50595.702
601333.SH,20211020,2.3,2.32,2.28,2.29,2.31,-0.02,-0.8658,161835.17,37235.536
601333.SH,20211021,2.28,2.31,2.27,2.29,2.29,0.0,0.0,183963.0,42189.664
601333.SH,20211022,2.29,2.3,2.23,2.25,2.29,-0.04,-1.7467,191626.0,43314.38
601333.SH,20211025,2.24,2.27,2.22,2.24,2.25,-0.01,-0.4444,177520.67,39831.365
601333.SH,20211026,2.24,2.26,2.22,2.23,2.24,-0.01,-0.4464,181552.6,40674.113
601333.SH,20211027,2.22,2.24,2.2,2.2,2.23,-0.03,-1.3453,210368.0,46568.021
601333.SH,20211028,2.19,2.21,2.17,2.18,2.2,-0.02,-0.9091,272862.83,59609.086
601333.SH,20211029,2.18,2.18,2.13,2.14,2.18,-0.04,-1.8349,338040.93,72648.306
601333.SH,20211101,2.14,2.14,2.09,2.1,2.14,-0.04,-1.8692,410425.52,86657.477
601333.SH,20211102,2.11,2.12,2.04,2.09,2.1,-0.01,-0.4762,352302.0,73267.004
601333.SH,20211103,2.08,2.12,2.06,2.1,2.09,0.01,0.4785,272319.47,57128.419
601333.SH,20211104,2.11,2.12,2.08,2.11,2.1,0.01,0.4762,224924.0,47228.374
601333.SH,20211105,2.1,2.11,2.07,2.08,2.11,-0.03,-1.4218,175195.09,36528.329
601333.SH,20211108,2.08,2.09,2.06,2.07,2.08,-0.01,-0.4808,200515.49,41555.65
601333.SH,20211109,2.08,2.1,2.07,2.08,2.07,0.01,0.4831,169684.45,35344.404
601333.SH,20211110,2.08,2.09,2.03,2.05,2.08,-0.03,-1.4423,318360.0,65378.013
601333.SH,20211111,2.05,2.1,2.04,2.08,2.05,0.03,1.4634,255287.86,53058.435
601333.SH,20211112,2.08,2.09,2.05,2.07,2.08,-0.01,-0.4808,256179.92,52817.881
601333.SH,20211115,2.06,2.07,2.04,2.06,2.07,-0.01,-0.4831,259271.99,53207.94
601333.SH,20211116,2.06,2.06,2.04,2.05,2.06,-0.01,-0.4854,259584.57,53241.448
601333.SH,20211117,2.05,2.05,2.02,2.03,2.05,-0.02,-0.9756,289360.19,58867.678
601333.SH,20211118,2.03,2.05,2.03,2.03,2.03,0.0,0.0,181112.83,36859.918
601333.SH,20211119,2.03,2.06,2.02,2.05,2.03,0.02,0.9852,238490.03,48525.501
601333.SH,20211122,2.04,2.06,2.03,2.04,2.05,-0.01,-0.4878,234183.99,47856.908
601333.SH,20211123,2.04,2.07,2.03,2.06,2.04,0.02,0.9804,292071.79,60110.322
601333.SH,20211124,2.06,2.07,2.05,2.06,2.06,0.0,0.0,181756.85,37451.203
601333.SH,20211125,2.07,2.08,2.06,2.08,2.06,0.02,0.9709,199494.52,41370.423
601333.SH,20211126,2.07,2.08,2.05,2.05,2.08,-0.03,-1.4423,207332.0,42707.451
601333.SH,20211129,2.04,2.04,2.01,2.02,2.05,-0.03,-1.4634,285731.27,57848.063
601333.SH,20211130,2.02,2.05,2.02,2.04,2.02,0.02,0.9901,213289.72,43396.888
601333.SH,20211201,2.04,2.08,2.02,2.08,2.04,0.04,1.9608,312997.74,64340.027
601333.SH,20211202,2.07,2.09,2.06,2.07,2.08,-0.01,-0.4808,231734.76,48016.583
601333.SH,20211203,2.07,2.1,2.06,2.09,2.07,0.02,0.9662,267175.98,55657.885
601333.SH,20211206,2.1,2.13,2.08,2.11,2.09,0.02,0.9569,399352.58,84150.434
601333.SH,20211207,2.11,2.12,2.08,2.1,2.11,-0.01,-0.4739,307197.58,64373.993
601333.SH,20211208,2.1,2.11,2.08,2.1,2.1,0.0,0.0,289778.68,60673.573
601333.SH,20211209,2.1,2.12,2.1,2.12,2.1,0.02,0.9524,229288.24,48454.624
601333.SH,20211210,2.11,2.12,2.09,2.1,2.12,-0.02,-0.9434,270640.49,56920.898
601333.SH,20211213,2.11,2.14,2.1,2.12,2.1,0.02,0.9524,332900.4,70488.031
601333.SH,20211214,2.12,2.12,2.09,2.1,2.12,-0.02,-0.9434,205059.13,43102.184
601333.SH,20211215,2.09,2.12,2.09,2.12,2.1,0.02,0.9524,218123.66,45952.848
601333.SH,20211216,2.12,2.15,2.11,2.15,2.12,0.03,1.4151,239116.85,51063.302
601333.SH,20211217,2.15,2.18,2.13,2.15,2.15,0.0,0.0,279256.0,60106.628
601333.SH,20211220,2.14,2.19,2.14,2.19,2.15,0.04,1.8605,338553.4,73563.946
601333.SH,20211221,2.18,2.25,2.17,2.23,2.19,0.04,1.8265,444956.15,98677.342
601333.SH,20211222,2.25,2.27,2.2,2.22,2.23,-0.01,-0.4484,400278.87,89312.595
601333.SH,20211223,2.21,2.23,2.17,2.21,2.22,-0.01,-0.4505,356951.03,78562.74
601333.SH,20211224,2.21,2.21,2.18,2.21,2.21,0.0,0.0,204236.04,44842.277
601333.SH,20211227,2.2,2.23,2.19,2.22,2.21,0.01,0.4525,218818.88,48544.4
601333.SH,20211228,2.22,2.22,2.2,2.21,2.22,-0.01,-0.4505,194764.08,43012.209
601333.SH,20211229,2.21,2.26,2.2,2.24,2.21,0.03,1.3575,310189.74,69460.197
601333.SH,20211230,2.24,2.27,2.23,2.25,2.24,0.01,0.4464,243116.0,54607.536
601333.SH,20211231,2.25,2.26,2.24,2.24,2.25,-0.01,-0.4444,180410.1,40589.16
601333.SH,20220104,2.25,2.33,2.24,2.3,2.24,0.06,2.6786,541982.97,123781.416
601333.SH,20220105,2.33,2.35,2.28,2.31,2.3,0.01,0.4348,386218.48,89313.357
601333.SH,20220106,2.31,2.34,2.3,2.3,2.31,-0.01,-0.4329,230794.72,53303.229
601333.SH,20220107,2.3,2.35,2.3,2.32,2.3,0.02,0.8696,343716.45,80157.282
601333.SH,20220110,2.32,2.33,2.28,2.31,2.32,-0.01,-0.431,303390.0,69631.682
601333.SH,20220111,2.31,2.34,2.3,2.32,2.31,0.01,0.4329,244390.51,56691.324
601333.SH,20220112,2.32,2.33,2.29,2.31,2.32,-0.01,-0.431,220587.51,50837.61
601333.SH,20220113,2.3,2.33,2.29,2.31,2.31,0.0,0.0,268049.0,62116.906
601333.SH,20220114,2.31,2.32,2.23,2.24,2.31,-0.07,-3.0303,386577.02,87507.522
601333.SH,20220117,2.24,2.27,2.23,2.23,2.24,-0.01,-0.4464,189670.22,42514.432
601333.SH,20220118,2.24,2.3,2.22,2.28,2.23,0.05,2.2422,358040.91,80723.767
601333.SH,20220119,2.27,2.34,2.27,2.32,2.28,0.04,1.7544,392626.0,90859.373
601333.SH,20220120,2.31,2.35,2.3,2.34,2.32,0.02,0.8621,441181.56,102988.864
601333.SH,20220121,2.34,2.36,2.31,2.35,2.34,0.01,0.4274,423332.24,99139.355
601333.SH,20220124,2.35,2.37,2.3,2.33,2.35,-0.02,-0.8511,376165.99,87778.688
601333.SH,20220125,2.34,2.34,2.25,2.27,2.33,-0.06,-2.5751,385327.86,88378.013
601333.SH,20220126,2.24,2.25,2.18,2.22,2.27,-0.05,-2.2026,516701.06,114603.56
601333.SH,20220127,2.22,2.22,2.15,2.18,2.22,-0.04,-1.8018,444182.98,97082.805
601333.SH,20220128,2.2,2.37,2.18,2.32,2.18,0.14,6.422,1010698.32,232804.901
601333.SH,20220207,2.33,2.36,2.31,2.35,2.32,0.03,1.2931,563603.09,131789.199
601333.SH,20220208,2.36,2.46,2.35,2.41,2.35,0.06,2.5532,1199770.22,289309.416
601333.SH,20220209,2.41,2.47,2.4,2.44,2.41,0.03,1.2448,888602.51,217063.638
601333.SH,20220210,2.43,2.67,2.43,2.6,2.44,0.16,6.5574,2038765.56,523719.958
601333.SH,20220211,2.6,2.62,2.52,2.55,2.6,-0.05,-1.9231,1084775.59,278527.229
601333.SH,20220214,2.55,2.56,2.4,2.46,2.55,-0.09,-3.5294,1001332.03,246372.169
601333.SH,20220215,2.47,2.47,2.39,2.41,2.46,-0.05,-2.0325,672982.55,162907.288
601333.SH,20220216,2.42,2.44,2.39,2.43,2.41,0.02,0.8299,613090.24,148296.068
601333.SH,20220217,2.41,2.46,2.39,2.4,2.43,-0.03,-1.2346,467744.56,112886.637
601333.SH,20220218,2.4,2.54,2.38,2.52,2.4,0.12,5.0,910212.13,225210.106
601333.SH,20220221,2.52,2.62,2.5,2.58,2.52,0.06,2.381,792206.74,202889.281
601333.SH,20220222,2.58,2.58,2.49,2.5,2.58,-0.08,-3.1008,524366.91,132682.839
601333.SH,20220223,2.51,2.53,2.43,2.45,2.5,-0.05,-2.0,545776.81,134744.148
601333.SH,20220224,2.45,2.47,2.34,2.37,2.45,-0.08,-3.2653,598835.01,143689.145
601333.SH,20220225,2.38,2.45,2.37,2.38,2.37,0.01,0.4219,420722.57,100952.674
601333.SH,20220228,2.38,2.39,2.32,2.34,2.38,-0.04,-1.6807,461722.01,108314.024
601333.SH,20220301,2.35,2.38,2.33,2.36,2.34,0.02,0.8547,482490.15,113504.004
601333.SH,20220302,2.34,2.42,2.33,2.4,2.36,0.04,1.6949,545589.76,130150.184
601333.SH,20220303,2.4,2.45,2.39,2.43,2.4,0.03,1.25,397510.59,96404.012
601333.SH,20220304,2.42,2.44,2.37,2.39,2.43,-0.04,-1.6461,497531.26,119480.72
601333.SH,20220307,2.4,2.42,2.33,2.35,2.39,-0.04,-1.6736,404585.11,96123.304
601333.SH,20220308,2.35,2.35,2.27,2.28,2.35,-0.07,-2.9787,414135.62,95618.874
601333.SH,20220309,2.28,2.3,2.13,2.21,2.28,-0.07,-3.0702,657631.66,145302.247
601333.SH,20220310,2.24,2.36,2.23,2.31,2.21,0.1,4.5249,676345.83,155737.898
601333.SH,20220311,2.3,2.32,2.22,2.3,2.31,-0.01,-0.4329,386441.12,87495.712
601333.SH,20220314,2.3,2.33,2.22,2.22,2.3,-0.08,-3.4783,366553.31,83292.629
601333.SH,20220315,2.22,2.22,2.01,2.04,2.22,-0.18,-8.1081,985855.18,207724.148
601333.SH,20220316,2.06,2.18,2.03,2.16,2.04,0.12,5.8824,654534.0,137645.004
601333.SH,20220317,2.19,2.22,2.11,2.14,2.16,-0.02,-0.9259,573205.08,123214.37
601333.SH,20220318,2.12,2.23,2.11,2.21,2.14,0.07,3.271,563084.61,122625.414
601333.SH,20220321,2.23,2.24,2.16,2.2,2.21,-0.01,-0.4525,340569.13,74921.805
601333.SH,20220322,2.24,2.29,2.2,2.23,2.2,0.03,1.3636,591550.51,132356.27
601333.SH,20220323,2.23,2.24,2.18,2.21,2.23,-0.02,-0.8969,450288.12,99670.619
601333.SH,20220324,2.21,2.23,2.16,2.17,2.21,-0.04,-1.81,366314.03,80230.076
601333.SH,20220325,2.17,2.19,2.15,2.16,2.17,-0.01,-0.4608,386007.5,83557.592
601333.SH,20220328,2.14,2.2,2.11,2.18,2.16,0.02,0.9259,305418.29,66107.613
601333.SH,20220329,2.18,2.19,2.13,2.15,2.18,-0.03,-1.3761,296089.03,63733.813
601333.SH,20220330,2.15,2.17,2.12,2.16,2.15,0.01,0.4651,383557.95,82253.348
601333.SH,20220331,2.15,2.18,2.14,2.14,2.16,-0.02,-0.9259,419733.14,90680.498
601333.SH,20220401,2.14,2.19,2.12,2.17,2.14,0.03,1.4019,498320.05,108022.811
601333.SH,20220406,2.18,2.25,2.16,2.21,2.17,0.04,1.8433,549438.64,121479.435
601333.SH,20220407,2.21,2.23,2.16,2.17,2.21,-0.04,-1.81,517396.07,113637.122
601333.SH,20220408,2.16,2.19,2.14,2.17,2.17,0.0,0.0,374784.66,80997.16
601333.SH,20220411,2.18,2.21,2.12,2.14,2.17,-0.03,-1.3825,650593.02,141395.011
601333.SH,20220412,2.13,2.26,2.11,2.22,2.14,0.08,3.7383,721528.17,157191.856
601333.SH,20220413,2.21,2.24,2.19,2.21,2.22,-0.01,-0.4505,535899.51,118887.193
601333.SH,20220414,2.2,2.21,2.18,2.18,2.21,-0.03,-1.3575,399966.28,87622.494
601333.SH,20220415,2.18,2.2,2.16,2.16,2.18,-0.02,-0.9174,382286.28,83178.363
601333.SH,20220418,2.16,2.17,2.13,2.15,2.16,-0.01,-0.463,298973.0,64216.843
601333.SH,20220419,2.15,2.19,2.14,2.17,2.15,0.02,0.9302,271530.0,58815.672
601333.SH,20220420,2.17,2.22,2.15,2.16,2.17,-0.01,-0.4608,353118.24,76773.396
601333.SH,20220421,2.15,2.17,2.08,2.09,2.16,-0.07,-3.2407,657075.94,139329.458
601333.SH,20220422,2.09,2.14,2.06,2.12,2.09,0.03,1.4354,342353.56,72117.794
601333.SH,20220425,2.11,2.12,2.04,2.05,2.12,-0.07,-3.3019,501176.94,104034.293
601333.SH,20220426,2.05,2.08,2.01,2.02,2.05,-0.03,-1.4634,443394.35,90182.566
601333.SH,20220427,1.99,2.06,1.95,2.04,2.02,0.02,0.9901,521902.09,104523.956
601333.SH,20220428,2.04,2.07,2.0,2.05,2.04,0.01,0.4902,311354.23,63274.178
601333.SH,20220429,2.04,2.09,2.03,2.07,2.05,0.02,0.9756,391898.9,80856.598
601333.SH,20220505,2.07,2.11,2.06,2.07,2.07,0.0,0.0,277225.3,57706.295
601333.SH,20220506,2.05,2.05,2.02,2.03,2.07,-0.04,-1.9324,223343.69,45543.937
601333.SH,20220509,2.03,2.06,2.02,2.04,2.03,0.01,0.4926,231524.06,47285.151
601333.SH,20220510,2.04,2.06,2.01,2.04,2.04,0.0,0.0,352677.93,71828.335
601333.SH,20220511,2.04,2.07,2.03,2.04,2.04,0.0,0.0,311151.23,63781.974
601333.SH,20220512,2.03,2.05,2.02,2.03,2.04,-0.01,-0.4902,249654.62,50735.781
601333.SH,20220513,2.04,2.07,2.04,2.06,2.03,0.03,1.4778,383695.01,78798.316
601333.SH,20220516,2.07,2.08,2.05,2.07,2.06,0.01,0.4854,217795.28,45004.765
601333.SH,20220517,2.08,2.08,2.04,2.05,2.07,-0.02,-0.9662,198662.69,40784.865
601333.SH,20220518,2.05,2.07,2.04,2.05,2.05,0.0,0.0,203728.42,41842.87
601333.SH,20220519,2.04,2.07,2.03,2.07,2.05,0.02,0.9756,236275.51,48426.717
601333.SH,20220520,2.07,2.1,2.06,2.1,2.07,0.03,1.4493,295168.87,61524.877
601333.SH,20220523,2.1,2.12,2.08,2.1,2.1,0.0,0.0,255414.8,53693.862
601333.SH,20220524,2.1,2.12,2.04,2.04,2.1,-0.06,-2.8571,343432.92,71183.917
601333.SH,20220525,2.04,2.11,2.03,2.1,2.04,0.06,2.9412,343179.93,71464.822
601333.SH,20220526,2.1,2.14,2.1,2.14,2.1,0.04,1.9048,343302.16,72746.902
601333.SH,20220527,2.14,2.16,2.13,2.15,2.14,0.01,0.4673,325032.86,69721.311
601333.SH,20220530,2.15,2.21,2.15,2.2,2.15,0.05,2.3256,512737.43,111863.026
601333.SH,20220531,2.21,2.29,2.19,2.28,2.2,0.08,3.6364,819488.12,185203.198
601333.SH,20220601,2.27,2.3,2.24,2.25,2.28,-0.03,-1.3158,553607.85,125225.338
601333.SH,20220602,2.25,2.26,2.22,2.23,2.25,-0.02,-0.8889,341023.31,76248.614
601333.SH,20220606,2.22,2.28,2.2,2.23,2.23,0.0,0.0,493723.77,110541.712
601333.SH,20220607,2.23,2.34,2.22,2.29,2.23,0.06,2.6906,679763.01,155564.433
601333.SH,20220608,2.3,2.34,2.24,2.29,2.29,0.0,0.0,716191.21,163427.428
601333.SH,20220609,2.28,2.29,2.23,2.25,2.29,-0.04,-1.7467,456368.0,103111.794
601333.SH,20220610,2.25,2.28,2.24,2.26,2.25,0.01,0.4444,345815.3,78139.461
601333.SH,20220613,2.25,2.26,2.19,2.21,2.26,-0.05,-2.2124,340596.54,75444.925
601333.SH,20220614,2.21,2.28,2.17,2.28,2.21,0.07,3.1674,492488.39,110056.828
601333.SH,20220615,2.28,2.34,2.26,2.29,2.28,0.01,0.4386,612407.86,141095.992
601333.SH,20220616,2.29,2.33,2.27,2.29,2.29,0.0,0.0,407148.02,93671.852
601333.SH,20220617,2.28,2.28,2.23,2.26,2.29,-0.03,-1.31,346026.78,78117.484
601333.SH,20220620,2.27,2.27,2.21,2.24,2.26,-0.02,-0.885,389945.01,87098.129
601333.SH,20220621,2.23,2.25,2.19,2.21,2.24,-0.03,-1.3393,311150.08,69014.982
601333.SH,20220622,2.22,2.22,2.17,2.17,2.21,-0.04,-1.81,223015.53,48855.922
601333.SH,20220623,2.18,2.21,2.14,2.21,2.17,0.04,1.8433,497068.51,107890.708
601333.SH,20220624,2.21,2.22,2.17,2.2,2.21,-0.01,-0.4525,324305.34,71096.431
601333.SH,20220627,2.21,2.23,2.18,2.19,2.2,-0.01,-0.4545,276275.19,60891.352
601333.SH,20220628,2.19,2.22,2.17,2.22,2.19,0.03,1.3699,523067.0,114943.98
601333.SH,20220629,2.21,2.23,2.17,2.18,2.22,-0.04,-1.8018,512880.82,112971.369
601333.SH,20220630,2.19,2.28,2.17,2.18,2.18,0.0,0.0,1521397.06,337466.966
601333.SH,20220701,2.18,2.21,2.17,2.18,2.18,0.0,0.0,426715.3,93460.199
601333.SH,20220704,2.19,2.19,2.14,2.15,2.18,-0.03,-1.3761,559939.61,120809.695
601333.SH,20220705,2.16,2.18,2.12,2.17,2.15,0.02,0.9302,672528.68,144538.469
601333.SH,20220706,2.16,2.16,2.12,2.13,2.17,-0.04,-1.8433,381915.09,81518.782
601333.SH,20220707,2.13,2.14,2.11,2.12,2.13,-0.01,-0.4695,361761.0,76747.225
601333.SH,20220708,2.12,2.14,2.12,2.13,2.12,0.01,0.4717,245821.42,52375.92
601333.SH,20220711,2.12,2.13,2.11,2.12,2.13,-0.01,-0.4695,299095.26,63369.298
601333.SH,20220712,2.12,2.17,2.11,2.12,2.12,0.0,0.0,478098.25,102293.582
601333.SH,20220713,2.13,2.19,2.12,2.17,2.12,0.05,2.3585,529172.55,114616.261
601333.SH,20220714,2.17,2.17,2.11,2.12,2.17,-0.05,-2.3041,417377.29,89029.056
601333.SH,20220715,2.12,2.12,2.05,2.05,2.12,-0.07,-3.3019,573989.01,119374.146
601333.SH,20220718,2.06,2.11,2.05,2.1,2.05,0.05,2.439,369034.09,77048.734
601333.SH,20220719,2.1,2.11,2.07,2.09,2.1,-0.01,-0.4762,378416.85,78883.45
601333.SH,20220720,2.1,2.11,2.08,2.09,2.09,0.0,0.0,247037.09,51796.494
601333.SH,20220721,2.09,2.11,2.08,2.09,2.09,0.0,0.0,238960.47,49957.918
601333.SH,20220722,2.09,2.1,2.06,2.09,2.09,0.0,0.0,339464.71,70607.271
601333.SH,20220725,2.08,2.13,2.08,2.08,2.09,-0.01,-0.4785,430599.71,90519.476
601333.SH,20220726,2.09,2.1,2.08,2.09,2.08,0.01,0.4808,212836.01,44518.986
601333.SH,20220727,2.1,2.1,2.07,2.09,2.09,0.0,0.0,258122.03,53746.865
601333.SH,20220728,2.08,2.1,2.08,2.09,2.09,0.0,0.0,268239.33,56045.093
601333.SH,20220729,2.09,2.09,2.05,2.07,2.09,-0.02,-0.9569,328558.45,67991.872
601333.SH,20220801,2.05,2.07,2.04,2.05,2.07,-0.02,-0.9662,298680.62,61321.338
601333.SH,20220802,2.04,2.05,1.99,2.01,2.05,-0.04,-1.9512,710248.7,142634.943
601333.SH,20220803,2.01,2.03,1.98,1.99,2.01,-0.02,-0.995,483468.19,96756.35
601333.SH,20220804,1.99,2.0,1.98,1.99,1.99,0.0,0.0,312837.95,62274.062
601333.SH,20220805,1.99,2.02,1.98,2.01,1.99,0.02,1.005,290343.88,57965.03
601333.SH,20220808,2.01,2.02,2.0,2.02,2.01,0.01,0.4975,237631.46,47797.528
601333.SH,20220809,2.02,2.03,2.0,2.02,2.02,0.0,0.0,234216.6,47309.933
601333.SH,20220810,2.02,2.03,2.01,2.02,2.02,0.0,0.0,128220.99,25838.572
601333.SH,20220811,2.02,2.05,2.01,2.05,2.02,0.03,1.4851,416914.67,84781.272
601333.SH,20220812,2.05,2.09,2.04,2.07,2.05,0.02,0.9756,450834.29,93409.925
601333.SH,20220815,2.08,2.09,2.06,2.07,2.07,0.0,0.0,322899.0,66959.392
601333.SH,20220816,2.07,2.09,2.06,2.07,2.07,0.0,0.0,248962.87,51747.54
601333.SH,20220817,2.08,2.09,2.07,2.08,2.07,0.01,0.4831,239262.66,49813.883
601333.SH,20220818,2.08,2.09,2.05,2.05,2.08,-0.03,-1.4423,210234.69,43393.231
601333.SH,20220819,2.05,2.07,2.05,2.06,2.05,0.01,0.4878,155572.0,32058.443
601333.SH,20220822,2.06,2.07,2.05,2.06,2.06,0.0,0.0,186441.08,38470.278
601333.SH,20220823,2.06,2.07,2.05,2.06,2.06,0.0,0.0,186163.0,38336.067
601333.SH,20220824,2.06,2.07,2.03,2.03,2.06,-0.03,-1.4563,284956.72,58395.46
601333.SH,20220825,2.04,2.07,2.03,2.06,2.03,0.03,1.4778,261365.23,53531.276
601333.SH,20220826,2.06,2.09,2.05,2.07,2.06,0.01,0.4854,324673.13,67331.753
601333.SH,20220829,2.06,2.07,2.04,2.06,2.07,-0.01,-0.4831,271474.55,55851.452
601333.SH,20220830,2.07,2.11,2.06,2.1,2.06,0.04,1.9417,453146.59,94602.789
601333.SH,20220831,2.08,2.09,2.05,2.06,2.1,-0.04,-1.9048,385329.11,79769.151
601333.SH,20220901,2.06,2.08,2.04,2.05,2.06,-0.01,-0.4854,303484.0,62504.537
601333.SH,20220902,2.05,2.06,2.03,2.04,2.05,-0.01,-0.4878,282026.24,57474.442
601333.SH,20220905,2.04,2.08,2.03,2.08,2.04,0.04,1.9608,466340.26,96373.106
601333.SH,20220906,2.08,2.09,2.07,2.08,2.08,0.0,0.0,288623.89,60083.904
601333.SH,20220907,2.08,2.09,2.05,2.06,2.08,-0.02,-0.9615,281827.44,58110.383
601333.SH,20220908,2.07,2.07,2.05,2.07,2.06,0.01,0.4854,143916.35,29676.925
601333.SH,20220909,2.06,2.08,2.06,2.08,2.07,0.01,0.4831,203408.11,42132.823
601333.SH,20220913,2.08,2.09,2.06,2.07,2.08,-0.01,-0.4808,390599.01,81099.888
601333.SH,20220914,2.06,2.07,2.05,2.06,2.07,-0.01,-0.4831,219128.36,45070.561
601333.SH,20220915,2.06,2.07,2.03,2.04,2.06,-0.02,-0.9709,319866.01,65678.899
601333.SH,20220916,2.05,2.05,1.99,2.0,2.04,-0.04,-1.9608,467818.0,94251.409
601333.SH,20220919,2.0,2.01,1.98,1.99,2.0,-0.01,-0.5,280603.66,55824.637
601333.SH,20220920,2.0,2.01,1.98,1.99,1.99,0.0,0.0,270643.51,54015.424
601333.SH,20220921,1.99,2.03,1.97,2.02,1.99,0.03,1.5075,379914.01,76101.927
601333.SH,20220922,2.02,2.03,2.0,2.02,2.02,0.0,0.0,329676.55,66481.676
601333.SH,20220923,2.02,2.04,2.01,2.01,2.02,-0.01,-0.495,307671.73,62243.172
601333.SH,20220926,2.01,2.01,1.96,1.97,2.01,-0.04,-1.99,394647.0,78254.382
601333.SH,20220927,1.97,2.0,1.95,1.99,1.97,0.02,1.0152,274193.38,54083.617
601333.SH,20220928,1.99,1.99,1.97,1.97,1.99,-0.02,-1.005,210282.0,41622.266
601333.SH,20220929,1.98,1.99,1.92,1.94,1.97,-0.03,-1.5228,394070.0,76993.592
601333.SH,20220930,1.94,1.95,1.92,1.95,1.94,0.01,0.5155,239094.02,46360.828
601333.SH,20221010,1.95,1.97,1.93,1.95,1.95,0.0,0.0,187238.41,36501.254
601333.SH,20221011,1.95,1.96,1.9,1.95,1.95,0.0,0.0,278732.55,53902.446
601333.SH,20221012,1.94,1.97,1.93,1.97,1.95,0.02,1.0256,193184.95,37648.255
601333.SH,20221013,1.96,1.97,1.94,1.96,1.97,-0.01,-0.5076,161199.9,31450.538
601333.SH,20221014,1.96,1.98,1.95,1.97,1.96,0.01,0.5102,438638.28,86227.989
601333.SH,20221017,1.96,1.99,1.95,1.98,1.97,0.01,0.5076,242667.55,47824.675
601333.SH,20221018,1.98,2.0,1.97,1.98,1.98,0.0,0.0,287034.54,56979.046
601333.SH,20221019,1.98,1.99,1.97,1.98,1.98,0.0,0.0,148139.0,29314.337
601333.SH,20221020,1.98,1.98,1.95,1.96,1.98,-0.02,-1.0101,190169.07,37360.844
601333.SH,20221021,1.96,2.0,1.96,1.98,1.96,0.02,1.0204,301853.86,59774.222
601333.SH,20221024,1.99,2.0,1.92,1.92,1.98,-0.06,-3.0303,304214.64,59391.464
601333.SH,20221025,1.93,1.94,1.9,1.92,1.92,0.0,0.0,278626.77,53418.569
601333.SH,20221026,1.92,1.95,1.92,1.93,1.92,0.01,0.5208,175868.78,34054.296
601333.SH,20221027,1.93,1.96,1.93,1.95,1.93,0.02,1.0363,216589.63,42190.604
601333.SH,20221028,1.95,1.95,1.91,1.92,1.95,-0.03,-1.5385,259582.52,50208.121
601333.SH,20221031,1.91,1.94,1.9,1.92,1.92,0.0,0.0,205095.16,39379.49
601333.SH,20221101,1.92,2.03,1.92,2.02,1.92,0.1,5.2083,697315.0,138268.922
601333.SH,20221102,2.01,2.05,2.0,2.03,2.02,0.01,0.495,479579.08,97451.234
601333.SH,20221103,2.03,2.05,2.02,2.04,2.03,0.01,0.4926,252179.17,51245.075
601333.SH,20221104,2.03,2.09,2.03,2.07,2.04,0.03,1.4706,512855.58,105551.048
601333.SH,20221107,2.06,2.06,2.04,2.05,2.07,-0.02,-0.9662,270726.95,55578.89
601333.SH,20221108,2.05,2.07,2.04,2.06,2.05,0.01,0.4878,251724.43,51761.382
601333.SH,20221109,2.07,2.07,2.04,2.06,2.06,0.0,0.0,167253.42,34390.842
601333.SH,20221110,2.05,2.07,2.04,2.07,2.06,0.01,0.4854,271920.81,55769.537
601333.SH,20221111,2.08,2.1,2.04,2.06,2.07,-0.01,-0.4831,475759.83,98598.922
601333.SH,20221114,2.06,2.08,2.02,2.04,2.06,-0.02,-0.9709,572439.7,117141.889
601333.SH,20221115,2.05,2.06,2.04,2.05,2.04,0.01,0.4902,297040.6,60901.584
601333.SH,20221116,2.05,2.06,2.04,2.04,2.05,-0.01,-0.4878,216041.16,44254.234
601333.SH,20221117,2.04,2.05,2.03,2.04,2.04,0.0,0.0,164857.0,33672.882
601333.SH,20221118,2.05,2.05,2.03,2.03,2.04,-0.01,-0.4902,321167.61,65511.197
601333.SH,20221121,2.03,2.04,2.0,2.0,2.03,-0.03,-1.4778,310939.86,62507.678
601333.SH,20221122,2.0,2.05,1.99,2.04,2.0,0.04,2.0,430628.53,87213.72
601333.SH,20221123,2.03,2.07,2.03,2.06,2.04,0.02,0.9804,450223.99,92426.947
601333.SH,20221124,2.06,2.07,2.04,2.05,2.06,-0.01,-0.4854,247195.0,50675.838
601333.SH,20221125,2.04,2.1,2.04,2.08,2.05,0.03,1.4634,487712.51,101077.247
601333.SH,20221128,2.07,2.09,2.04,2.09,2.08,0.01,0.4808,410545.04,85093.635
601333.SH,20221129,2.08,2.13,2.08,2.12,2.09,0.03,1.4354,456442.24,96523.988
601333.SH,20221130,2.12,2.15,2.11,2.13,2.12,0.01,0.4717,394840.11,84201.203
601333.SH,20221201,2.16,2.21,2.14,2.15,2.13,0.02,0.939,734873.03,159366.842
601333.SH,20221202,2.16,2.19,2.15,2.18,2.15,0.03,1.3953,532505.0,115877.268
601333.SH,20221205,2.21,2.32,2.2,2.27,2.18,0.09,4.1284,1374179.0,312660.762
601333.SH,20221206,2.27,2.31,2.26,2.31,2.27,0.04,1.7621,781397.67,179338.694
601333.SH,20221207,2.31,2.34,2.27,2.29,2.31,-0.02,-0.8658,701244.21,161610.457
601333.SH,20221208,2.31,2.33,2.29,2.3,2.29,0.01,0.4367,678740.65,156376.35
601333.SH,20221209,2.31,2.33,2.26,2.27,2.3,-0.03,-1.3043,635523.86,145021.127
601333.SH,20221212,2.27,2.3,2.24,2.27,2.27,0.0,0.0,499543.81,113479.18
601333.SH,20221213,2.29,2.35,2.29,2.31,2.27,0.04,1.7621,532618.52,123751.667
601333.SH,20221214,2.32,2.34,2.3,2.3,2.31,-0.01,-0.4329,351009.83,81332.028
601333.SH,20221215,2.31,2.31,2.26,2.27,2.3,-0.03,-1.3043,308081.85,70240.544
601333.SH,20221216,2.26,2.31,2.25,2.3,2.27,0.03,1.3216,348925.15,79793.827
601333.SH,20221219,2.29,2.3,2.23,2.25,2.3,-0.05,-2.1739,348579.0,78783.795
601333.SH,20221220,2.25,2.25,2.21,2.22,2.25,-0.03,-1.3333,301570.65,67196.368
601333.SH,20221221,2.23,2.24,2.2,2.23,2.22,0.01,0.4505,310274.0,68988.267
601333.SH,20221222,2.24,2.26,2.19,2.21,2.23,-0.02,-0.8969,344390.0,76699.509
601333.SH,20221223,2.2,2.24,2.18,2.2,2.21,-0.01,-0.4525,242034.01,53450.071
601333.SH,20221226,2.21,2.25,2.2,2.21,2.2,0.01,0.4545,331283.0,73427.542
601333.SH,20221227,2.23,2.24,2.21,2.22,2.21,0.01,0.4525,268448.9,59801.997
601333.SH,20221228,2.22,2.24,2.2,2.22,2.22,0.0,0.0,290463.83,64555.158
601333.SH,20221229,2.21,2.22,2.16,2.17,2.22,-0.05,-2.2523,325468.9,71064.931
601333.SH,20221230,2.18,2.28,2.17,2.27,2.17,0.1,4.6083,530846.26,118561.742
601333.SH,20230103,2.27,2.28,2.22,2.23,2.27,-0.04,-1.7621,390347.71,87301.696
601333.SH,20230104,2.24,2.26,2.22,2.23,2.23,0.0,0.0,315847.84,70595.778
601333.SH,20230105,2.23,2.24,2.21,2.22,2.23,-0.01,-0.4484,333171.87,74060.804
601333.SH,20230106,2.22,2.23,2.17,2.17,2.22,-0.05,-2.2523,447340.5,97958.356
601333.SH,20230109,2.18,2.22,2.17,2.2,2.17,0.03,1.3825,332334.06,72968.835
601333.SH,20230110,2.2,2.2,2.16,2.16,2.2,-0.04,-1.8182,262428.93,57110.214
601333.SH,20230111,2.16,2.17,2.13,2.15,2.16,-0.01,-0.463,298361.1,64094.66
601333.SH,20230112,2.14,2.15,2.12,2.14,2.15,-0.01,-0.4651,313490.98,66969.489
601333.SH,20230113,2.14,2.17,2.14,2.17,2.14,0.03,1.4019,221747.13,47847.704
601333.SH,20230116,2.17,2.21,2.16,2.18,2.17,0.01,0.4608,357835.67,78194.446
601333.SH,20230117,2.18,2.19,2.15,2.16,2.18,-0.02,-0.9174,214034.48,46195.341
601333.SH,20230118,2.15,2.17,2.14,2.16,2.16,0.0,0.0,293997.0,63430.743
601333.SH,20230119,2.15,2.19,2.14,2.19,2.16,0.03,1.3889,259851.01,56395.654
601333.SH,20230120,2.19,2.21,2.18,2.2,2.19,0.01,0.4566,284097.32,62423.301
601333.SH,20230130,2.22,2.26,2.2,2.21,2.2,0.01,0.4545,491107.94,109496.476
601333.SH,20230131,2.21,2.23,2.19,2.2,2.21,-0.01,-0.4525,312396.46,68896.091
601333.SH,20230201,2.2,2.22,2.18,2.21,2.2,0.01,0.4545,394647.95,86915.78
601333.SH,20230202,2.21,2.22,2.19,2.2,2.21,-0.01,-0.4525,310203.25,68262.934
601333.SH,20230203,2.2,2.21,2.18,2.19,2.2,-0.01,-0.4545,296044.2,64788.343
601333.SH,20230206,2.19,2.24,2.19,2.21,2.19,0.02,0.9132,411292.01,91174.718
601333.SH,20230207,2.23,2.24,2.21,2.23,2.21,0.02,0.905,319805.46,71167.501
601333.SH,20230208,2.23,2.24,2.2,2.2,2.23,-0.03,-1.3453,246276.01,54574.093
601333.SH,20230209,2.21,2.22,2.19,2.21,2.2,0.01,0.4545,313343.71,69269.135
601333.SH,20230210,2.21,2.24,2.21,2.22,2.21,0.01,0.4525,254762.44,56591.171
601333.SH,20230213,2.22,2.23,2.21,2.22,2.22,0.0,0.0,312739.01,69318.379
601333.SH,20230214,2.22,2.23,2.21,2.22,2.22,0.0,0.0,226688.01,50317.263
601333.SH,20230215,2.22,2.23,2.21,2.21,2.22,-0.01,-0.4505,386066.76,85629.15
601333.SH,20230216,2.21,2.25,2.19,2.2,2.21,-0.01,-0.4525,558580.37,124197.167
601333.SH,20230217,2.2,2.21,2.19,2.19,2.2,-0.01,-0.4545,268491.01,59038.19
601333.SH,20230220,2.19,2.23,2.19,2.23,2.19,0.04,1.8265,346665.0,76653.211
601333.SH,20230221,2.23,2.28,2.22,2.26,2.23,0.03,1.3453,545681.66,122759.86
601333.SH,20230222,2.25,2.27,2.24,2.26,2.26,0.0,0.0,245624.0,55385.588
601333.SH,20230223,2.26,2.27,2.23,2.24,2.26,-0.02,-0.885,254852.0,57170.073
601333.SH,20230224,2.23,2.24,2.21,2.22,2.24,-0.02,-0.8929,200974.0,44675.171
601333.SH,20230227,2.21,2.23,2.21,2.21,2.22,-0.01,-0.4505,189749.25,42099.866
601333.SH,20230228,2.22,2.25,2.21,2.24,2.21,0.03,1.3575,238986.59,53172.395
601333.SH,20230301,2.24,2.38,2.23,2.32,2.24,0.08,3.5714,1633796.97,377889.911
601333.SH,20230302,2.32,2.4,2.31,2.37,2.32,0.05,2.1552,933007.31,220995.593
601333.SH,20230303,2.38,2.4,2.32,2.38,2.37,0.01,0.4219,813677.26,192435.074
601333.SH,20230306,2.38,2.41,2.36,2.37,2.38,-0.01,-0.4202,567094.1,134926.957
601333.SH,20230307,2.39,2.41,2.35,2.36,2.37,-0.01,-0.4219,579103.95,137937.948
601333.SH,20230308,2.36,2.39,2.34,2.37,2.36,0.01,0.4237,390021.59,92380.3
601333.SH,20230309,2.38,2.39,2.34,2.37,2.37,0.0,0.0,349795.32,82797.717
601333.SH,20230310,2.37,2.37,2.31,2.31,2.37,-0.06,-2.5316,359947.0,84027.885
601333.SH,20230313,2.32,2.36,2.31,2.35,2.31,0.04,1.7316,364607.01,85174.549
601333.SH,20230314,2.36,2.37,2.32,2.33,2.35,-0.02,-0.8511,307187.0,72003.689
601333.SH,20230315,2.34,2.39,2.33,2.38,2.33,0.05,2.1459,376969.88,89222.668
601333.SH,20230316,2.37,2.42,2.36,2.37,2.38,-0.01,-0.4202,468845.48,112213.328
601333.SH,20230317,2.39,2.42,2.37,2.41,2.37,0.04,1.6878,436380.32,104783.839
601333.SH,20230320,2.41,2.45,2.37,2.37,2.41,-0.04,-1.6598,558114.71,134220.025
601333.SH,20230321,2.38,2.4,2.35,2.36,2.37,-0.01,-0.4219,357378.42,84618.194
601333.SH,20230322,2.37,2.37,2.31,2.34,2.36,-0.02,-0.8475,598347.0,139469.722
601333.SH,20230323,2.34,2.35,2.31,2.35,2.34,0.01,0.4274,351196.0,81765.484
601333.SH,20230324,2.35,2.35,2.29,2.3,2.35,-0.05,-2.1277,446846.45,103360.662
601333.SH,20230327,2.31,2.31,2.25,2.27,2.3,-0.03,-1.3043,331329.7,75318.305
601333.SH,20230328,2.28,2.29,2.25,2.26,2.27,-0.01,-0.4405,313411.15,71167.399
601333.SH,20230329,2.27,2.28,2.24,2.26,2.26,0.0,0.0,354154.82,80133.359
601333.SH,20230330,2.26,2.28,2.23,2.25,2.26,-0.01,-0.4425,397022.06,89332.039
601333.SH,20230331,2.26,2.42,2.25,2.41,2.25,0.16,7.1111,1125574.68,266231.871
601333.SH,20230403,2.42,2.57,2.4,2.49,2.41,0.08,3.3195,1192448.19,299341.66
601333.SH,20230404,2.5,2.57,2.49,2.53,2.49,0.04,1.6064,868300.58,220535.945
601333.SH,20230406,2.55,2.56,2.5,2.51,2.53,-0.02,-0.7905,629693.2,158925.099
601333.SH,20230407,2.52,2.52,2.44,2.44,2.51,-0.07,-2.7888,528315.0,130144.006
601333.SH,20230410,2.45,2.46,2.41,2.42,2.44,-0.02,-0.8197,477157.0,116094.896
601333.SH,20230411,2.43,2.44,2.41,2.43,2.42,0.01,0.4132,397528.0,96454.72
601333.SH,20230412,2.43,2.47,2.42,2.46,2.43,0.03,1.2346,484802.0,118702.01
601333.SH,20230413,2.45,2.49,2.44,2.47,2.46,0.01,0.4065,405025.01,100010.009
601333.SH,20230414,2.48,2.48,2.43,2.44,2.47,-0.03,-1.2146,361279.11,88578.554
601333.SH,20230417,2.45,2.49,2.43,2.47,2.44,0.03,1.2295,470787.0,115888.759
601333.SH,20230418,2.46,2.51,2.44,2.48,2.47,0.01,0.4049,437725.5,108500.988
601333.SH,20230419,2.48,2.5,2.45,2.47,2.48,-0.01,-0.4032,333357.08,82552.201
601333.SH,20230420,2.47,2.5,2.45,2.5,2.47,0.03,1.2146,447019.98,110846.668
601333.SH,20230421,2.5,2.51,2.44,2.45,2.5,-0.05,-2.0,482638.89,119470.593
601333.SH,20230424,2.46,2.48,2.41,2.44,2.45,-0.01,-0.4082,441913.24,107886.788
601333.SH,20230425,2.44,2.49,2.42,2.46,2.44,0.02,0.8197,384828.31,94577.84
601333.SH,20230426,2.46,2.47,2.38,2.45,2.46,-0.01,-0.4065,452622.76,109822.169
601333.SH,20230427,2.44,2.48,2.43,2.47,2.45,0.02,0.8163,428344.0,105540.859
601333.SH,20230428,2.7,2.72,2.62,2.72,2.47,0.25,10.1215,1267907.52,343561.416
601333.SH,20230504,2.88,2.99,2.82,2.99,2.72,0.27,9.9265,3580170.23,1057938.404
601333.SH,20230505,3.0,3.29,3.0,3.29,2.99,0.3,10.0334,4722241.62,1502075.024
601333.SH,20230508,3.31,3.48,3.24,3.41,3.29,0.12,3.6474,5791264.29,1946475.37
601333.SH,20230509,3.4,3.45,3.23,3.25,3.41,-0.16,-4.6921,3705719.84,1232491.839
601333.SH,20230510,3.27,3.31,3.17,3.22,3.25,-0.03,-0.9231,2443522.86,788805.938
601333.SH,20230511,3.23,3.43,3.09,3.33,3.22,0.11,3.4161,3126157.97,1015900.428
601333.SH,20230512,3.29,3.61,3.26,3.38,3.33,0.05,1.5015,3315718.65,1150671.145
601333.SH,20230515,3.4,3.51,3.23,3.39,3.38,0.01,0.2959,2366660.5,791418.009
601333.SH,20230516,3.35,3.38,3.24,3.3,3.39,-0.09,-2.6549,1664607.33,551697.163
601333.SH,20230517,3.28,3.37,3.18,3.35,3.3,0.05,1.5152,1451699.35,479389.716
601333.SH,20230518,3.38,3.59,3.35,3.55,3.35,0.2,5.9701,2681424.56,937661.87
601333.SH,20230519,3.45,3.69,3.41,3.56,3.55,0.01,0.2817,2305283.18,818118.244
601333.SH,20230522,3.52,3.9,3.52,3.75,3.56,0.19,5.3371,2981643.29,1126190.816
601333.SH,20230523,3.69,3.74,3.54,3.56,3.75,-0.19,-5.0667,2150912.94,778923.675
601333.SH,20230524,3.52,3.59,3.44,3.48,3.56,-0.08,-2.2472,1550698.36,541874.894
601333.SH,20230525,3.46,3.62,3.42,3.55,3.48,0.07,2.0115,1473574.56,522560.49
601333.SH,20230526,3.5,3.55,3.39,3.45,3.55,-0.1,-2.8169,1224298.12,423060.653
601333.SH,20230529,3.46,3.48,3.35,3.38,3.45,-0.07,-2.029,1170853.21,397421.777
601333.SH,20230530,3.37,3.53,3.36,3.45,3.38,0.07,2.071,1197721.99,412816.802
601333.SH,20230531,3.43,3.47,3.38,3.41,3.45,-0.04,-1.1594,717539.4,244868.524
601333.SH,20230601,3.43,3.43,3.27,3.32,3.41,-0.09,-2.6393,1561930.22,518541.528
601333.SH,20230602,3.34,3.38,3.22,3.32,3.32,0.0,0.0,1300523.47,429383.598
601333.SH,20230605,3.32,3.43,3.29,3.4,3.32,0.08,2.4096,922802.36,312327.455
601333.SH,20230606,3.41,3.52,3.37,3.46,3.4,0.06,1.7647,1387532.72,480552.706
601333.SH,20230607,3.59,3.81,3.58,3.81,3.46,0.35,10.1156,1300266.18,487985.866
601333.SH,20230608,3.91,4.06,3.75,3.99,3.81,0.18,4.7244,3572546.07,1394589.989
601333.SH,20230609,3.99,4.13,3.88,3.91,3.99,-0.08,-2.005,2670710.71,1064592.589
601333.SH,20230612,3.93,4.12,3.84,4.04,3.91,0.13,3.3248,2063323.25,831078.165
601333.SH,20230613,4.0,4.18,3.99,4.09,4.04,0.05,1.2376,1221731.96,497573.049
601333.SH,20230614,4.11,4.29,4.04,4.11,4.09,0.02,0.489,1005203.61,415876.918
601333.SH,20230615,4.09,4.23,4.05,4.17,4.11,0.06,1.4599,938661.34,390220.157
601333.SH,20230616,4.18,4.25,4.03,4.07,4.17,-0.1,-2.3981,1158860.21,477370.182
601333.SH,20230619,4.08,4.1,4.0,4.05,4.07,-0.02,-0.4914,765947.42,309917.781
601333.SH,20230620,4.04,4.04,3.82,3.83,4.05,-0.22,-5.4321,1171603.19,457327.331
601333.SH,20230621,3.88,3.9,3.77,3.85,3.83,0.02,0.5222,857038.85,329875.421
601333.SH,20230626,3.86,3.9,3.76,3.78,3.85,-0.07,-1.8182,834071.78,319479.431
601333.SH,20230627,3.79,4.0,3.77,3.91,3.78,0.13,3.4392,969406.82,377830.301
601333.SH,20230628,3.86,4.24,3.85,4.12,3.91,0.21,5.3708,1377305.82,557949.152
601333.SH,20230629,4.11,4.11,3.94,4.02,4.12,-0.1,-2.4272,826577.69,331116.297
601333.SH,20230630,4.03,4.04,3.9,3.96,4.02,-0.06,-1.4925,714482.95,283427.923
601333.SH,20230703,3.96,4.17,3.93,4.01,3.96,0.05,1.2626,888147.3,357897.83
601333.SH,20230704,3.99,4.03,3.89,3.91,4.01,-0.1,-2.4938,528496.36,207760.294
601333.SH,20230705,3.9,3.93,3.85,3.87,3.91,-0.04,-1.023,448035.74,173957.198
601333.SH,20230706,3.87,3.94,3.86,3.89,3.87,0.02,0.5168,406177.98,158465.505
601333.SH,20230707,3.89,3.95,3.84,3.86,3.89,-0.03,-0.7712,366613.43,142168.053
601333.SH,20230710,3.9,3.9,3.81,3.84,3.86,-0.02,-0.5181,750771.76,288546.381
601333.SH,20230711,3.82,3.82,3.67,3.69,3.84,-0.15,-3.9063,1178469.85,438989.517
601333.SH,20230712,3.63,3.67,3.36,3.42,3.69,-0.27,-7.3171,2128826.39,741878.968
601333.SH,20230713,3.44,3.48,3.34,3.38,3.42,-0.04,-1.1696,1354874.74,459726.014
601333.SH,20230714,3.39,3.45,3.36,3.43,3.38,0.05,1.4793,852516.28,290411.093
601333.SH,20230717,3.26,3.35,3.2,3.26,3.43,-0.17,-4.9563,1630701.45,530956.134
601333.SH,20230718,3.26,3.36,3.19,3.32,3.26,0.06,1.8405,1111715.58,366848.96
601333.SH,20230719,3.33,3.56,3.3,3.48,3.32,0.16,4.8193,1552686.25,539919.697
601333.SH,20230720,3.48,3.52,3.4,3.43,3.48,-0.05,-1.4368,736868.74,254721.732
601333.SH,20230721,3.41,3.47,3.38,3.41,3.43,-0.02,-0.5831,485440.36,166378.951
601333.SH,20230724,3.42,3.53,3.39,3.43,3.41,0.02,0.5865,482433.48,167061.402
601333.SH,20230725,3.44,3.47,3.37,3.4,3.43,-0.03,-0.8746,641311.81,218078.664
601333.SH,20230726,3.38,3.39,3.33,3.37,3.4,-0.03,-0.8824,476024.88,159786.057
601333.SH,20230727,3.39,3.39,3.32,3.35,3.37,-0.02,-0.5935,611813.0,205354.996
601333.SH,20230728,3.33,3.46,3.31,3.41,3.35,0.06,1.791,597891.3,203516.025
601333.SH,20230731,3.41,3.45,3.37,3.4,3.41,-0.01,-0.2933,462851.24,157847.096
601333.SH,20230801,3.38,3.45,3.36,3.43,3.4,0.03,0.8824,510975.24,174733.305
601333.SH,20230802,3.42,3.42,3.33,3.37,3.43,-0.06,-1.7493,528318.6,177479.962
601333.SH,20230803,3.35,3.43,3.35,3.4,3.37,0.03,0.8902,438207.34,148724.84
601333.SH,20230804,3.42,3.45,3.36,3.37,3.4,-0.03,-0.8824,532204.27,181131.894
601333.SH,20230807,3.36,3.38,3.31,3.34,3.37,-0.03,-0.8902,382151.11,127580.281
601333.SH,20230808,3.32,3.42,3.31,3.37,3.34,0.03,0.8982,444831.36,149923.083
601333.SH,20230809,3.36,3.37,3.29,3.3,3.37,-0.07,-2.0772,465188.01,154638.477
601333.SH,20230810,3.3,3.34,3.28,3.33,3.3,0.03,0.9091,303195.0,100580.035
601333.SH,20230811,3.34,3.34,3.24,3.24,3.33,-0.09,-2.7027,356443.68,116664.994
601333.SH,20230814,3.24,3.3,3.21,3.29,3.24,0.05,1.5432,315534.47,102818.869
601333.SH,20230815,3.27,3.31,3.24,3.27,3.29,-0.02,-0.6079,321854.23,105258.208
601333.SH,20230816,3.27,3.27,3.2,3.23,3.27,-0.04,-1.2232,337321.74,109005.7
601333.SH,20230817,3.23,3.28,3.2,3.26,3.23,0.03,0.9288,413014.78,133473.913
601333.SH,20230818,3.26,3.3,3.22,3.23,3.26,-0.03,-0.9202,331462.0,108189.049
601333.SH,20230821,3.22,3.26,3.17,3.17,3.23,-0.06,-1.8576,309483.79,99143.713
601333.SH,20230822,3.15,3.22,3.15,3.22,3.17,0.05,1.5773,335129.8,106747.497
601333.SH,20230823,3.21,3.22,3.14,3.15,3.22,-0.07,-2.1739,366604.34,116412.861
601333.SH,20230824,3.16,3.18,3.12,3.13,3.15,-0.02,-0.6349,403140.51,126560.927
601333.SH,20230825,3.1,3.19,3.09,3.11,3.13,-0.02,-0.639,377649.54,118486.016
601333.SH,20230828,3.25,3.3,3.12,3.14,3.11,0.03,0.9646,463395.44,147643.137
601333.SH,20230829,3.12,3.19,3.1,3.19,3.14,0.05,1.5924,450532.53,141779.917
601333.SH,20230830,3.18,3.21,3.13,3.15,3.19,-0.04,-1.2539,491478.81,155646.715
601333.SH,20230831,3.15,3.17,3.07,3.13,3.15,-0.02,-0.6349,390093.0,121769.288
601333.SH,20230901,3.12,3.22,3.12,3.2,3.13,0.07,2.2364,450512.42,143657.986
601333.SH,20230904,3.2,3.23,3.14,3.16,3.2,-0.04,-1.25,778670.99,246935.7
601333.SH,20230905,3.16,3.17,3.07,3.09,3.16,-0.07,-2.2152,565041.74,175329.633
601333.SH,20230906,3.08,3.09,3.03,3.06,3.09,-0.03,-0.9709,378798.0,115984.779
601333.SH,20230907,3.06,3.07,3.0,3.01,3.06,-0.05,-1.634,400865.0,121654.259
601333.SH,20230908,3.01,3.02,2.96,2.97,3.01,-0.04,-1.3289,392499.01,116922.969
601333.SH,20230911,2.98,3.03,2.95,3.01,2.97,0.04,1.3468,710400.2,212714.489
601333.SH,20230912,3.0,3.04,2.93,3.0,3.01,-0.01,-0.3322,774644.0,230995.974
601333.SH,20230913,3.0,3.01,2.95,2.98,3.0,-0.02,-0.6667,358893.02,106846.037
601333.SH,20230914,2.99,3.05,2.94,2.96,2.98,-0.02,-0.6711,616657.0,184746.032
601333.SH,20230915,2.96,3.05,2.95,2.95,2.96,-0.01,-0.3378,852231.39,254484.177
601333.SH,20230918,2.96,2.98,2.93,2.97,2.95,0.02,0.678,350891.39,103825.459
601333.SH,20230919,2.96,3.01,2.95,2.97,2.97,0.0,0.0,403785.53,120010.313
601333.SH,20230920,2.96,2.97,2.92,2.94,2.97,-0.03,-1.0101,427079.0,125610.202
601333.SH,20230921,2.94,2.98,2.93,2.96,2.94,0.02,0.6803,432490.0,127998.677
601333.SH,20230922,2.95,3.05,2.95,3.02,2.96,0.06,2.027,723005.1,216805.395
601333.SH,20230925,3.01,3.02,2.85,2.92,3.02,-0.1,-3.3113,1419134.55,414278.7
601333.SH,20230926,2.91,2.94,2.85,2.86,2.92,-0.06,-2.0548,676392.3,194948.861
601333.SH,20230927,2.86,2.94,2.85,2.88,2.86,0.02,0.6993,938129.98,271820.222
601333.SH,20230928,2.89,2.9,2.85,2.89,2.88,0.01,0.3472,443824.98,127921.385
601333.SH,20231009,2.89,2.9,2.81,2.84,2.89,-0.05,-1.7301,444575.01,126727.515
601333.SH,20231010,2.84,2.86,2.76,2.77,2.84,-0.07,-2.4648,550525.75,153659.448
601333.SH,20231011,2.77,2.82,2.75,2.76,2.77,-0.01,-0.361,535811.9,149090.921
601333.SH,20231012,2.77,2.81,2.76,2.79,2.76,0.03,1.087,530788.0,147775.609
601333.SH,20231013,2.77,2.78,2.7,2.71,2.79,-0.08,-2.8674,555248.7,151496.312
601333.SH,20231016,2.72,2.76,2.7,2.73,2.71,0.02,0.738,400386.0,109584.048
601333.SH,20231017,2.73,2.75,2.7,2.73,2.73,0.0,0.0,315890.72,85999.424
601333.SH,20231018,2.72,2.73,2.69,2.7,2.73,-0.03,-1.0989,418573.08,113330.376
601333.SH,20231019,2.69,2.72,2.66,2.67,2.7,-0.03,-1.1111,391602.61,105145.901
601333.SH,20231020,2.66,2.69,2.64,2.65,2.67,-0.02,-0.7491,461658.0,122808.163
601333.SH,20231023,2.65,2.65,2.57,2.6,2.65,-0.05,-1.8868,608357.92,158397.139
601333.SH,20231024,2.61,2.64,2.59,2.63,2.6,0.03,1.1538,448834.09,117492.833
601333.SH,20231025,2.64,2.68,2.63,2.65,2.63,0.02,0.7605,364705.0,96996.952
601333.SH,20231026,2.65,2.69,2.63,2.67,2.65,0.02,0.7547,468654.1,124505.379
601333.SH,20231027,2.67,2.74,2.65,2.72,2.67,0.05,1.8727,425238.26,114893.048
601333.SH,20231030,2.72,2.74,2.66,2.68,2.72,-0.04,-1.4706,570489.41,153347.535
601333.SH,20231031,2.68,2.69,2.54,2.58,2.68,-0.1,-3.7313,823822.6,213734.632
601333.SH,20231101,2.58,2.61,2.54,2.57,2.58,-0.01,-0.3876,667347.52,171415.749
601333.SH,20231102,2.57,2.6,2.56,2.59,2.57,0.02,0.7782,480053.07,124011.581
601333.SH,20231103,2.6,2.62,2.57,2.59,2.59,0.0,0.0,534245.0,138483.934
601333.SH,20231106,2.6,2.68,2.59,2.66,2.59,0.07,2.7027,815315.88,215686.282
601333.SH,20231107,2.66,2.66,2.57,2.61,2.66,-0.05,-1.8797,751840.84,195881.714
601333.SH,20231108,2.61,2.62,2.57,2.58,2.61,-0.03,-1.1494,406530.7,105282.128
601333.SH,20231109,2.58,2.6,2.56,2.58,2.58,0.0,0.0,439625.86,113290.763
601333.SH,20231110,2.58,2.59,2.53,2.58,2.58,0.0,0.0,511915.92,131046.229
601333.SH,20231113,2.58,2.6,2.54,2.58,2.58,0.0,0.0,697067.47,178748.547
601333.SH,20231114,2.57,2.62,2.55,2.58,2.58,0.0,0.0,701976.22,180665.748
601333.SH,20231115,2.59,2.63,2.58,2.62,2.58,0.04,1.5504,824644.54,214877.488
601333.SH,20231116,2.62,2.65,2.58,2.59,2.62,-0.03,-1.145,585318.3,152558.97
601333.SH,20231117,2.59,2.59,2.56,2.57,2.59,-0.02,-0.7722,371590.29,95615.486
601333.SH,20231120,2.57,2.6,2.56,2.6,2.57,0.03,1.1673,466367.94,120410.186
601333.SH,20231121,2.6,2.73,2.6,2.69,2.6,0.09,3.4615,1409169.79,377557.901
601333.SH,20231122,2.68,2.71,2.65,2.68,2.69,-0.01,-0.3717,826812.47,221974.91
601333.SH,20231123,2.68,2.73,2.67,2.73,2.68,0.05,1.8657,601206.0,162937.413
601333.SH,20231124,2.72,2.74,2.7,2.71,2.73,-0.02,-0.7326,434951.0,118104.568
601333.SH,20231127,2.71,2.71,2.67,2.69,2.71,-0.02,-0.738,417619.26,112164.84
601333.SH,20231128,2.68,2.69,2.65,2.67,2.69,-0.02,-0.7435,406524.0,108509.88
601333.SH,20231129,2.67,2.68,2.62,2.63,2.67,-0.04,-1.4981,449864.97,118874.4
601333.SH,20231130,2.62,2.65,2.61,2.64,2.63,0.01,0.3802,432129.62,113699.044
601333.SH,20231201,2.63,2.71,2.63,2.69,2.64,0.05,1.8939,585401.05,156745.543
601333.SH,20231204,2.69,2.74,2.68,2.72,2.69,0.03,1.1152,680524.78,184861.871
601333.SH,20231205,2.72,2.72,2.67,2.68,2.72,-0.04,-1.4706,507733.2,137074.557
601333.SH,20231206,2.66,2.7,2.64,2.68,2.68,0.0,0.0,524037.22,140011.804
601333.SH,20231207,2.68,2.69,2.64,2.65,2.68,-0.03,-1.1194,485765.0,129154.185
601333.SH,20231208,2.65,2.7,2.63,2.66,2.65,0.01,0.3774,640871.71,170810.507
601333.SH,20231211,2.65,2.67,2.57,2.65,2.66,-0.01,-0.3759,645986.13,169102.811
601333.SH,20231212,2.65,2.68,2.63,2.68,2.65,0.03,1.1321,453826.99,120673.03
601333.SH,20231213,2.67,2.71,2.66,2.66,2.68,-0.02,-0.7463,463216.8,124347.422
601333.SH,20231214,2.67,2.71,2.66,2.69,2.66,0.03,1.1278,366287.17,98613.108
601333.SH,20231215,2.69,2.7,2.64,2.65,2.69,-0.04,-1.487,438087.79,116747.473
601333.SH,20231218,2.64,2.67,2.61,2.62,2.65,-0.03,-1.1321,301806.99,79687.169
601333.SH,20231219,2.62,2.62,2.55,2.57,2.62,-0.05,-1.9084,422777.52,109112.398
601333.SH,20231220,2.57,2.61,2.55,2.55,2.57,-0.02,-0.7782,453610.37,117152.15
601333.SH,20231221,2.55,2.55,2.5,2.53,2.55,-0.02,-0.7843,528332.29,133520.759
601333.SH,20231222,2.53,2.56,2.5,2.52,2.53,-0.01,-0.3953,480548.2,121439.232
601333.SH,20231225,2.52,2.53,2.47,2.5,2.52,-0.02,-0.7937,456406.55,113840.008
601333.SH,20231226,2.5,2.51,2.47,2.47,2.5,-0.03,-1.2,257618.0,64047.395
601333.SH,20231227,2.47,2.5,2.45,2.5,2.47,0.03,1.2146,361041.01,89422.849
601333.SH,20231228,2.49,2.63,2.48,2.6,2.5,0.1,4.0,866083.43,222264.632
601333.SH,20231229,2.59,2.61,2.57,2.59,2.6,-0.01,-0.3846,455857.44,118073.867
601333.SH,20240102,2.59,2.73,2.59,2.7,2.59,0.11,4.2471,1165667.48,313102.502
601333.SH,20240103,2.69,2.79,2.68,2.76,2.7,0.06,2.2222,761472.01,209250.971
601333.SH,20240104,2.76,2.77,2.7,2.74,2.76,-0.02,-0.7246,469753.07,128461.492
601333.SH,20240105,2.74,2.78,2.7,2.72,2.74,-0.02,-0.7299,425461.0,116845.98
601333.SH,20240108,2.72,2.74,2.65,2.67,2.72,-0.05,-1.8382,560350.38,150517.958
601333.SH,20240109,2.67,2.76,2.65,2.74,2.67,0.07,2.6217,664121.4,180300.183
601333.SH,20240110,2.73,2.78,2.7,2.76,2.74,0.02,0.7299,555945.6,153038.535
601333.SH,20240111,2.75,2.82,2.73,2.8,2.76,0.04,1.4493,624562.28,173745.926
601333.SH,20240112,2.8,2.86,2.75,2.77,2.8,-0.03,-1.0714,443418.21,123969.863
601333.SH,20240115,2.78,2.83,2.76,2.83,2.77,0.06,2.1661,548902.1,154192.519
601333.SH,20240116,2.82,2.82,2.75,2.79,2.83,-0.04,-1.4134,540588.97,150211.059
601333.SH,20240117,2.79,2.81,2.74,2.75,2.79,-0.04,-1.4337,374060.22,104213.055
601333.SH,20240118,2.73,2.74,2.65,2.73,2.75,-0.02,-0.7273,535640.79,144414.892
601333.SH,20240119,2.72,2.73,2.68,2.69,2.73,-0.04,-1.4652,289311.99,78099.429
601333.SH,20240122,2.7,2.7,2.53,2.56,2.69,-0.13,-4.8327,517372.0,135254.197
601333.SH,20240123,2.55,2.59,2.49,2.57,2.56,0.01,0.3906,466408.54,118632.793
601333.SH,20240124,2.58,2.71,2.57,2.7,2.57,0.13,5.0584,692996.0,183207.696
601333.SH,20240125,2.71,2.97,2.69,2.97,2.7,0.27,10.0,1304880.99,374434.977
601333.SH,20240126,3.0,3.06,2.89,2.92,2.97,-0.05,-1.6835,1275569.01,376077.427
601333.SH,20240129,2.92,3.0,2.9,2.91,2.92,-0.01,-0.3425,1135305.21,335184.256
601333.SH,20240130,2.9,2.97,2.88,2.9,2.91,-0.01,-0.3436,864101.89,253326.141
601333.SH,20240131,2.88,2.94,2.81,2.83,2.9,-0.07,-2.4138,815853.69,232905.139
601333.SH,20240201,2.8,2.87,2.75,2.77,2.83,-0.06,-2.1201,742888.99,207749.964
601333.SH,20240202,2.76,2.8,2.6,2.67,2.77,-0.1,-3.6101,884865.45,239333.294
601333.SH,20240205,2.63,2.65,2.49,2.54,2.67,-0.13,-4.8689,1163843.89,297429.525
601333.SH,20240206,2.53,2.71,2.5,2.65,2.54,0.11,4.3307,982751.21,254659.414
601333.SH,20240207,2.61,2.73,2.6,2.71,2.65,0.06,2.2642,1320962.57,354765.541
601333.SH,20240208,2.71,2.81,2.68,2.72,2.71,0.01,0.369,1282526.6,352636.754
601333.SH,20240219,2.74,2.77,2.71,2.76,2.72,0.04,1.4706,1153302.33,315682.367
601333.SH,20240220,2.74,2.75,2.69,2.72,2.76,-0.04,-1.4493,838761.52,228081.694
601333.SH,20240221,2.71,2.82,2.7,2.77,2.72,0.05,1.8382,1194750.37,331895.096
601333.SH,20240222,2.76,2.81,2.74,2.8,2.77,0.03,1.083,936194.84,259688.946
601333.SH,20240223,2.8,2.91,2.78,2.9,2.8,0.1,3.5714,1149228.79,325999.293
601333.SH,20240226,2.92,2.98,2.84,2.9,2.9,0.0,0.0,1109353.31,322522.676
601333.SH,20240227,2.87,2.91,2.86,2.91,2.9,0.01,0.3448,641999.01,185358.071
601333.SH,20240228,2.9,2.91,2.82,2.83,2.91,-0.08,-2.7491,878883.01,252003.914
601333.SH,20240229,2.82,2.9,2.81,2.9,2.83,0.07,2.4735,722959.27,206422.283
601333.SH,20240301,2.89,2.92,2.83,2.9,2.9,0.0,0.0,683380.55,196578.477
601333.SH,20240304,2.89,2.91,2.86,2.9,2.9,0.0,0.0,506585.01,146370.067
601333.SH,20240305,2.89,2.92,2.86,2.89,2.9,-0.01,-0.3448,524864.79,151754.269
601333.SH,20240306,2.88,2.97,2.87,2.91,2.89,0.02,0.692,530628.63,155042.869
601333.SH,20240307,2.9,2.98,2.9,2.91,2.91,0.0,0.0,603126.82,177184.84
601333.SH,20240308,2.9,2.96,2.89,2.93,2.91,0.02,0.6873,486238.78,142116.337
601333.SH,20240311,2.93,2.96,2.91,2.95,2.93,0.02,0.6826,559068.62,164111.339
601333.SH,20240312,2.96,2.97,2.86,2.91,2.95,-0.04,-1.3559,730272.0,211738.444
601333.SH,20240313,2.9,2.91,2.84,2.85,2.91,-0.06,-2.0619,637937.82,182284.699
601333.SH,20240314,2.85,2.88,2.82,2.86,2.85,0.01,0.3509,438380.58,125056.154
601333.SH,20240315,2.84,2.87,2.83,2.86,2.86,0.0,0.0,303568.2,86489.769
601333.SH,20240318,2.86,2.99,2.86,2.94,2.86,0.08,2.7972,925565.38,271552.846
601333.SH,20240319,2.93,2.93,2.87,2.88,2.94,-0.06,-2.0408,692645.64,200128.975
601333.SH,20240320,2.89,2.94,2.86,2.93,2.88,0.05,1.7361,469315.08,136184.675
601333.SH,20240321,2.93,2.98,2.91,2.97,2.93,0.04,1.3652,627110.95,184945.494
601333.SH,20240322,2.97,3.04,2.95,3.02,2.97,0.05,1.6835,883439.35,264992.031
601333.SH,20240325,3.0,3.04,2.96,2.96,3.02,-0.06,-1.9868,692598.01,207584.08
601333.SH,20240326,2.96,3.02,2.95,3.02,2.96,0.06,2.027,549184.98,164405.828
601333.SH,20240327,3.0,3.01,2.95,2.96,3.02,-0.06,-1.9868,536036.96,159844.831
601333.SH,20240328,2.96,3.02,2.93,2.99,2.96,0.03,1.0135,401019.51,119367.094
601333.SH,20240329,2.99,3.0,2.93,2.96,2.99,-0.03,-1.0033,421203.5,124420.228
601333.SH,20240401,2.96,3.0,2.95,2.98,2.96,0.02,0.6757,393379.79,117231.217
601333.SH,20240402,2.98,3.06,2.98,3.05,2.98,0.07,2.349,641399.85,193404.59
601333.SH,20240403,3.05,3.19,3.05,3.17,3.05,0.12,3.9344,1226078.45,383369.679
601333.SH,20240408,3.18,3.31,3.16,3.21,3.17,0.04,1.2618,1155655.22,373668.182
601333.SH,20240409,3.2,3.3,3.17,3.27,3.21,0.06,1.8692,701721.49,228140.933
601333.SH,20240410,3.26,3.3,3.2,3.24,3.27,-0.03,-0.9174,597211.79,194237.83
601333.SH,20240411,3.22,3.3,3.2,3.26,3.24,0.02,0.6173,547633.31,179012.879
601333.SH,20240412,3.25,3.28,3.21,3.23,3.26,-0.03,-0.9202,383917.46,124777.676
601333.SH,20240415,3.23,3.38,3.17,3.31,3.23,0.08,2.4768,804941.42,264825.188
601333.SH,20240416,3.31,3.33,3.17,3.19,3.31,-0.12,-3.6254,789760.65,255627.434
601333.SH,20240417,3.18,3.29,3.18,3.27,3.19,0.08,2.5078,701911.72,227494.473
601333.SH,20240418,3.27,3.32,3.25,3.29,3.27,0.02,0.6116,550259.89,181087.736
601333.SH,20240419,3.28,3.35,3.25,3.27,3.29,-0.02,-0.6079,576487.0,189930.697
601333.SH,20240422,3.27,3.29,3.18,3.19,3.27,-0.08,-2.4465,556802.04,179545.964
601333.SH,20240423,3.19,3.21,3.08,3.11,3.19,-0.08,-2.5078,689765.01,216044.005
601333.SH,20240424,3.11,3.18,3.11,3.16,3.11,0.05,1.6077,562480.0,177273.496
601333.SH,20240425,3.16,3.16,3.1,3.12,3.16,-0.04,-1.2658,617625.38,192514.922
601333.SH,20240426,3.12,3.2,3.11,3.19,3.12,0.07,2.2436,662643.0,209377.782
601333.SH,20240429,3.18,3.18,3.06,3.09,3.19,-0.1,-3.1348,977155.74,302234.519
601333.SH,20240430,3.14,3.3,3.13,3.26,3.09,0.17,5.5016,1182799.52,384262.916
601333.SH,20240506,3.51,3.59,3.51,3.59,3.26,0.33,10.1227,850373.17,304456.304
601333.SH,20240507,3.6,3.6,3.36,3.39,3.59,-0.2,-5.571,2555990.03,873905.255
601333.SH,20240508,3.37,3.39,3.3,3.34,3.39,-0.05,-1.4749,1271721.04,424485.445
601333.SH,20240509,3.33,3.44,3.31,3.42,3.34,0.08,2.3952,1240091.9,419505.276
601333.SH,20240510,3.41,3.44,3.34,3.35,3.42,-0.07,-2.0468,826784.96,278483.109
601333.SH,20240513,3.35,3.48,3.27,3.45,3.35,0.1,2.9851,1224902.07,416807.565
601333.SH,20240514,3.44,3.51,3.42,3.48,3.45,0.03,0.8696,837845.6,291117.118
601333.SH,20240515,3.47,3.5,3.39,3.4,3.48,-0.08,-2.2989,597497.5,205644.781
601333.SH,20240516,3.4,3.43,3.38,3.4,3.4,0.0,0.0,583243.7,198421.879
601333.SH,20240517,3.4,3.45,3.31,3.36,3.4,-0.04,-1.1765,689761.35,231911.736
601333.SH,20240520,3.37,3.42,3.34,3.35,3.36,-0.01,-0.2976,721824.89,243399.41
601333.SH,20240521,3.35,3.37,3.33,3.36,3.35,0.01,0.2985,493995.23,165512.112
601333.SH,20240522,3.34,3.37,3.32,3.33,3.36,-0.03,-0.8929,410082.39,136949.798
601333.SH,20240523,3.33,3.34,3.28,3.31,3.33,-0.02,-0.6006,593466.8,196504.131
601333.SH,20240524,3.31,3.36,3.3,3.33,3.31,0.02,0.6042,487238.8,162479.038
601333.SH,20240527,3.33,3.46,3.33,3.46,3.33,0.13,3.9039,810835.51,275703.101
601333.SH,20240528,3.45,3.46,3.38,3.4,3.46,-0.06,-1.7341,487535.0,166091.432
601333.SH,20240529,3.4,3.4,3.33,3.36,3.4,-0.04,-1.1765,598091.28,200924.224
601333.SH,20240530,3.36,3.38,3.3,3.32,3.36,-0.04,-1.1905,414300.15,138412.592
601333.SH,20240531,3.33,3.37,3.32,3.33,3.32,0.01,0.3012,368429.51,123276.463
601333.SH,20240603,3.33,3.36,3.3,3.32,3.33,-0.01,-0.3003,440875.01,146820.504
601333.SH,20240604,3.31,3.38,3.31,3.37,3.32,0.05,1.506,334404.0,112079.975
601333.SH,20240605,3.36,3.39,3.33,3.33,3.37,-0.04,-1.1869,315211.46,106139.157
601333.SH,20240606,3.33,3.35,3.26,3.3,3.33,-0.03,-0.9009,604768.11,199755.633
601333.SH,20240607,3.3,3.4,3.29,3.39,3.3,0.09,2.7273,574787.03,192411.506
601333.SH,20240611,3.39,3.4,3.26,3.31,3.39,-0.08,-2.3599,664707.0,220013.39
601333.SH,20240612,3.32,3.34,3.29,3.32,3.31,0.01,0.3021,362351.0,120243.465
601333.SH,20240613,3.31,3.33,3.22,3.23,3.32,-0.09,-2.7108,553020.18,179999.191
601333.SH,20240614,3.22,3.26,3.16,3.19,3.23,-0.04,-1.2384,493105.0,157629.778
601333.SH,20240617,3.19,3.24,3.17,3.21,3.19,0.02,0.627,460487.38,147908.004
601333.SH,20240618,3.21,3.27,3.17,3.26,3.21,0.05,1.5576,422969.0,136630.891
601333.SH,20240619,3.26,3.28,3.21,3.22,3.26,-0.04,-1.227,338843.8,109783.012
601333.SH,20240620,3.22,3.23,3.15,3.21,3.22,-0.01,-0.3106,419105.45,133678.527
601333.SH,20240621,3.21,3.27,3.19,3.22,3.21,0.01,0.3115,376278.26,121727.881
601333.SH,20240624,3.23,3.23,3.16,3.19,3.22,-0.03,-0.9317,371139.0,118487.539
601333.SH,20240625,3.19,3.22,3.16,3.17,3.19,-0.02,-0.627,398947.15,127121.124
601333.SH,20240626,3.17,3.22,3.15,3.17,3.17,0.0,0.0,498128.17,158215.347
601333.SH,20240627,3.17,3.24,3.12,3.14,3.17,-0.03,-0.9464,623707.63,197450.069
601333.SH,20240628,3.13,3.29,3.12,3.24,3.14,0.1,3.1847,744487.89,239840.055
601333.SH,20240701,3.27,3.34,3.24,3.33,3.24,0.09,2.7778,630846.0,208040.908
601333.SH,20240702,3.32,3.39,3.31,3.39,3.33,0.06,1.8018,607694.18,204758.27
601333.SH,20240703,3.38,3.45,3.37,3.4,3.39,0.01,0.295,504521.58,171589.997
601333.SH,20240704,3.4,3.44,3.38,3.4,3.4,0.0,0.0,473846.1,161916.523
601333.SH,20240705,3.39,3.43,3.37,3.43,3.4,0.03,0.8824,486543.25,165899.63
601333.SH,20240708,3.44,3.48,3.37,3.39,3.43,-0.04,-1.1662,476827.0,162855.957
601333.SH,20240709,3.41,3.42,3.34,3.4,3.39,0.01,0.295,492374.03,166869.071
601333.SH,20240710,3.4,3.42,3.37,3.41,3.4,0.01,0.2941,357979.34,121647.888
601333.SH,20240711,3.4,3.43,3.36,3.38,3.41,-0.03,-0.8798,496704.63,168073.734
601333.SH,20240712,3.37,3.4,3.35,3.39,3.38,0.01,0.2959,335417.0,113372.789
601333.SH,20240715,3.38,3.48,3.35,3.47,3.39,0.08,2.3599,616448.01,211930.36
601333.SH,20240716,3.48,3.56,3.45,3.5,3.47,0.03,0.8646,555988.01,194961.518
601333.SH,20240717,3.51,3.54,3.48,3.5,3.5,0.0,0.0,441355.07,154674.586
601333.SH,20240718,3.48,3.54,3.44,3.53,3.5,0.03,0.8571,426907.0,148968.78
601333.SH,20240719,3.52,3.57,3.49,3.57,3.53,0.04,1.1331,489097.1,172833.986
601333.SH,20240722,3.56,3.78,3.55,3.66,3.57,0.09,2.521,928063.13,341554.661
601333.SH,20240723,3.66,3.79,3.66,3.72,3.66,0.06,1.6393,926411.22,346552.699
601333.SH,20240724,3.72,3.8,3.71,3.75,3.72,0.03,0.8065,618750.8,232398.025
601333.SH,20240725,3.75,3.76,3.69,3.72,3.75,-0.03,-0.8,572217.99,212661.99
601333.SH,20240726,3.73,3.74,3.68,3.72,3.72,0.0,0.0,447914.44,166050.484
601333.SH,20240729,3.71,3.79,3.7,3.74,3.72,0.02,0.5376,373342.0,140093.366
601333.SH,20240730,3.73,3.74,3.6,3.62,3.74,-0.12,-3.2086,673321.01,245449.925
601333.SH,20240731,3.62,3.66,3.56,3.61,3.62,-0.01,-0.2762,758231.22,272733.429
601333.SH,20240801,3.61,3.77,3.6,3.71,3.61,0.1,2.7701,717080.82,265776.531
601333.SH,20240802,3.7,3.75,3.65,3.7,3.71,-0.01,-0.2695,373049.81,138252.924
601333.SH,20240805,3.69,3.7,3.56,3.59,3.7,-0.11,-2.973,666008.01,241756.381
601333.SH,20240806,3.6,3.63,3.54,3.57,3.59,-0.02,-0.5571,408303.94,145885.163
601333.SH,20240807,3.57,3.58,3.5,3.5,3.57,-0.07,-1.9608,381126.7,134640.445
601333.SH,20240808,3.52,3.55,3.49,3.53,3.5,0.03,0.8571,319994.71,112661.402
601333.SH,20240809,3.53,3.58,3.5,3.54,3.53,0.01,0.2833,443564.3,156964.771
601333.SH,20240812,3.55,3.57,3.5,3.51,3.54,-0.03,-0.8475,297256.0,104686.272
601333.SH,20240813,3.52,3.54,3.47,3.51,3.51,0.0,0.0,345645.78,121021.063
601333.SH,20240814,3.49,3.53,3.48,3.5,3.51,-0.01,-0.2849,255824.0,89576.947
601333.SH,20240815,3.5,3.54,3.47,3.51,3.5,0.01,0.2857,381468.0,133916.802
601333.SH,20240816,3.47,3.48,3.36,3.38,3.44,-0.06,-1.7442,413557.03,141078.063
601333.SH,20240819,3.39,3.55,3.38,3.52,3.38,0.14,4.142,572671.01,199653.987
601333.SH,20240820,3.52,3.53,3.41,3.45,3.52,-0.07,-1.9886,451908.0,155928.31
601333.SH,20240821,3.44,3.48,3.42,3.46,3.45,0.01,0.2899,311248.2,107449.716
601333.SH,20240822,3.46,3.58,3.45,3.54,3.46,0.08,2.3121,555812.0,196256.584
601333.SH,20240823,3.53,3.56,3.42,3.48,3.54,-0.06,-1.6949,514210.95,178290.88
601333.SH,20240826,3.48,3.51,3.41,3.47,3.48,-0.01,-0.2874,338955.5,117477.762
601333.SH,20240827,3.45,3.47,3.38,3.4,3.47,-0.07,-2.0173,375757.0,128385.079
601333.SH,20240828,3.41,3.5,3.38,3.47,3.4,0.07,2.0588,526994.01,181581.997
601333.SH,20240829,3.48,3.51,3.26,3.3,3.47,-0.17,-4.8991,966442.51,321201.628
601333.SH,20240830,3.3,3.33,3.21,3.3,3.3,0.0,0.0,678079.57,222728.108
601333.SH,20240902,3.29,3.33,3.25,3.29,3.3,-0.01,-0.303,442627.11,145756.311
601333.SH,20240903,3.3,3.35,3.25,3.3,3.29,0.01,0.304,447189.62,147516.542
601333.SH,20240904,3.29,3.34,3.25,3.32,3.3,0.02,0.6061,416518.01,137638.692
601333.SH,20240905,3.3,3.37,3.3,3.36,3.32,0.04,1.2048,356263.0,119103.236
601333.SH,20240906,3.37,3.43,3.35,3.38,3.36,0.02,0.5952,406909.0,138252.524
601333.SH,20240909,3.38,3.38,3.28,3.31,3.38,-0.07,-2.071,417937.0,138181.562
601333.SH,20240910,3.31,3.32,3.23,3.26,3.31,-0.05,-1.5106,364856.4,118894.228
601333.SH,20240911,3.25,3.28,3.13,3.15,3.26,-0.11,-3.3742,559468.59,178080.485
601333.SH,20240912,3.15,3.2,3.14,3.15,3.15,0.0,0.0,274996.0,87038.944
601333.SH,20240913,3.16,3.21,3.12,3.13,3.15,-0.02,-0.6349,342772.01,108250.801
601333.SH,20240918,3.14,3.15,3.08,3.13,3.13,0.0,0.0,268896.01,83738.172
601333.SH,20240919,3.14,3.2,3.09,3.19,3.13,0.06,1.9169,420937.0,132902.764
601333.SH,20240920,3.18,3.2,3.14,3.19,3.19,0.0,0.0,292587.36,92717.486
601333.SH,20240923,3.19,3.21,3.16,3.17,3.19,-0.02,-0.627,291872.96,93006.525
601333.SH,20240924,3.19,3.34,3.18,3.34,3.17,0.17,5.3628,518753.01,170027.971
601333.SH,20240925,3.35,3.53,3.35,3.41,3.34,0.07,2.0958,719300.96,249862.524
601333.SH,20240926,3.42,3.52,3.4,3.52,3.41,0.11,3.2258,557028.51,192837.832
601333.SH,20240927,3.56,3.57,3.41,3.48,3.52,-0.04,-1.1364,858902.72,297698.12
601333.SH,20240930,3.57,3.8,3.55,3.78,3.48,0.3,8.6207,1445197.0,529154.781
601333.SH,20241008,4.12,4.16,3.69,3.82,3.78,0.04,1.0582,1826096.61,704163.889
601333.SH,20241009,3.78,3.78,3.51,3.53,3.82,-0.29,-7.5916,1114807.94,405096.964
601333.SH,20241010,3.59,3.75,3.56,3.66,3.53,0.13,3.6827,882399.35,322782.532
601333.SH,20241011,3.67,3.68,3.51,3.56,3.66,-0.1,-2.7322,665122.2,238814.497
601333.SH,20241014,3.59,3.78,3.56,3.75,3.56,0.19,5.3371,972538.84,358292.379
601333.SH,20241015,3.72,3.81,3.66,3.68,3.75,-0.07,-1.8667,741787.11,277174.059
601333.SH,20241016,3.63,3.78,3.62,3.76,3.68,0.08,2.1739,598565.39,223044.074
601333.SH,20241017,3.78,3.79,3.65,3.65,3.76,-0.11,-2.9255,457657.42,169779.644
601333.SH,20241018,3.65,3.79,3.59,3.73,3.65,0.08,2.1918,618990.87,228385.184
601333.SH,20241021,3.72,3.74,3.61,3.64,3.73,-0.09,-2.4129,797768.95,290671.164
601333.SH,20241022,3.65,3.71,3.6,3.63,3.64,-0.01,-0.2747,665250.2,242296.209
601333.SH,20241023,3.62,3.66,3.59,3.61,3.63,-0.02,-0.551,569731.0,206046.311
601333.SH,20241024,3.6,3.62,3.47,3.5,3.61,-0.11,-3.0471,966179.69,339912.515
601333.SH,20241025,3.5,3.52,3.38,3.4,3.5,-0.1,-2.8571,1343364.33,459159.275
601333.SH,20241028,3.41,3.44,3.36,3.44,3.4,0.04,1.1765,919857.69,312716.919
601333.SH,20241029,3.44,3.47,3.35,3.37,3.44,-0.07,-2.0349,928006.01,315018.097
601333.SH,20241030,3.36,3.38,3.33,3.37,3.37,0.0,0.0,628157.19,210574.22
601333.SH,20241031,3.35,3.42,3.32,3.41,3.37,0.04,1.1869,905671.43,305674.492
601333.SH,20241101,3.41,3.41,3.34,3.38,3.41,-0.03,-0.8798,773635.12,261392.845
601333.SH,20241104,3.38,3.38,3.34,3.38,3.38,0.0,0.0,503648.96,169131.241
601333.SH,20241105,3.37,3.45,3.36,3.45,3.38,0.07,2.071,920259.14,313853.159
601333.SH,20241106,3.44,3.45,3.37,3.39,3.45,-0.06,-1.7391,1042398.54,354394.411
601333.SH,20241107,3.37,3.5,3.36,3.49,3.39,0.1,2.9499,1185236.44,409738.533
601333.SH,20241108,3.51,3.54,3.44,3.45,3.49,-0.04,-1.1461,825219.5,287238.466
601333.SH,20241111,3.44,3.45,3.39,3.42,3.45,-0.03,-0.8696,670087.52,228557.875
601333.SH,20241112,3.4,3.43,3.35,3.37,3.42,-0.05,-1.462,756710.5,256953.841
601333.SH,20241113,3.35,3.42,3.35,3.41,3.37,0.04,1.1869,709126.34,241077.827
601333.SH,20241114,3.4,3.41,3.37,3.37,3.41,-0.04,-1.173,489296.0,165444.668
601333.SH,20241115,3.37,3.43,3.34,3.39,3.37,0.02,0.5935,881110.01,299459.916
601333.SH,20241118,3.42,3.54,3.42,3.47,3.39,0.08,2.3599,1399986.33,488522.662
601333.SH,20241119,3.45,3.52,3.4,3.48,3.47,0.01,0.2882,877449.95,302879.351
601333.SH,20241120,3.47,3.5,3.44,3.48,3.48,0.0,0.0,573083.05,198679.315
601333.SH,20241121,3.48,3.51,3.45,3.46,3.48,-0.02,-0.5747,476648.83,165439.892
601333.SH,20241122,3.45,3.5,3.35,3.35,3.46,-0.11,-3.1792,733828.83,251528.844
601333.SH,20241125,3.35,3.39,3.29,3.31,3.35,-0.04,-1.194,646721.04,215690.173
601333.SH,20241126,3.31,3.36,3.3,3.34,3.31,0.03,0.9063,427737.05,142641.559
601333.SH,20241127,3.34,3.37,3.26,3.36,3.34,0.02,0.5988,588352.54,194796.634
601333.SH,20241128,3.36,3.43,3.35,3.38,3.36,0.02,0.5952,563279.54,190726.692
601333.SH,20241129,3.38,3.42,3.37,3.38,3.38,0.0,0.0,452278.01,153426.485
601333.SH,20241202,3.39,3.44,3.37,3.43,3.38,0.05,1.4793,679550.0,231493.414
601333.SH,20241203,3.43,3.5,3.4,3.5,3.43,0.07,2.0408,753047.21,259767.863
601333.SH,20241204,3.48,3.5,3.45,3.48,3.5,-0.02,-0.5714,478365.11,166139.048
601333.SH,20241205,3.48,3.51,3.44,3.45,3.48,-0.03,-0.8621,570706.8,198238.77
601333.SH,20241206,3.45,3.55,3.44,3.55,3.45,0.1,2.8986,769348.71,270242.368
601333.SH,20241209,3.55,3.62,3.52,3.6,3.55,0.05,1.4085,811244.01,289055.127
601333.SH,20241210,3.65,3.66,3.53,3.53,3.6,-0.07,-1.9444,819076.76,293831.757
601333.SH,20241211,3.54,3.57,3.52,3.57,3.53,0.04,1.1331,437534.11,155146.174
601333.SH,20241212,3.57,3.61,3.54,3.6,3.57,0.03,0.8403,497485.01,178540.749
601333.SH,20241213,3.6,3.62,3.49,3.5,3.6,-0.1,-2.7778,634876.51,224737.083
601333.SH,20241216,3.5,3.56,3.48,3.54,3.5,0.04,1.1429,600951.0,211706.505
601333.SH,20241217,3.53,3.58,3.48,3.49,3.54,-0.05,-1.4124,516647.0,181660.006
601333.SH,20241218,3.51,3.57,3.49,3.5,3.49,0.01,0.2865,481997.7,169990.064
601333.SH,20241219,3.48,3.49,3.39,3.43,3.5,-0.07,-2.0,571022.2,195610.505
601333.SH,20241220,3.43,3.44,3.39,3.4,3.43,-0.03,-0.8746,323018.25,110281.195
601333.SH,20241223,3.4,3.45,3.38,3.41,3.4,0.01,0.2941,499776.01,170999.293
601333.SH,20241224,3.42,3.52,3.4,3.51,3.41,0.1,2.9326,528787.65,183506.671
601333.SH,20241225,3.5,3.54,3.47,3.53,3.51,0.02,0.5698,483234.0,169356.137
601333.SH,20241226,3.53,3.55,3.42,3.44,3.53,-0.09,-2.5496,592029.0,204831.101
601333.SH,20241227,3.43,3.51,3.42,3.49,3.44,0.05,1.4535,687127.52,238931.284
601333.SH,20241230,3.5,3.51,3.46,3.48,3.49,-0.01,-0.2865,345182.81,120286.893
601333.SH,20241231,3.48,3.52,3.42,3.43,3.48,-0.05,-1.4368,517802.36,179317.912
601333.SH,20250102,3.42,3.45,3.3,3.32,3.43,-0.11,-3.207,763843.84,256287.97
601333.SH,20250103,3.32,3.37,3.29,3.29,3.32,-0.03,-0.9036,539976.7,179540.487
601333.SH,20250106,3.29,3.34,3.26,3.31,3.29,0.02,0.6079,479747.0,158573.092
601333.SH,20250107,3.31,3.32,3.23,3.28,3.31,-0.03,-0.9063,426378.0,139425.886
601333.SH,20250108,3.28,3.31,3.23,3.27,3.28,-0.01,-0.3049,345850.31,113248.296
601333.SH,20250109,3.27,3.28,3.2,3.22,3.27,-0.05,-1.5291,424938.6,136836.527
601333.SH,20250110,3.22,3.23,3.14,3.15,3.22,-0.07,-2.1739,433146.7,137351.276
601333.SH,20250113,3.13,3.17,3.1,3.17,3.15,0.02,0.6349,347170.01,108945.871
601333.SH,20250114,3.17,3.26,3.16,3.25,3.17,0.08,2.5237,425175.0,137567.817
601333.SH,20250115,3.25,3.28,3.21,3.22,3.25,-0.03,-0.9231,365148.7,118213.2
601333.SH,20250116,3.23,3.29,3.22,3.26,3.22,0.04,1.2422,402443.01,131399.956
601333.SH,20250117,3.25,3.28,3.22,3.27,3.26,0.01,0.3067,270000.16,87903.857
601333.SH,20250120,3.28,3.3,3.23,3.24,3.27,-0.03,-0.9174,404670.99,132060.108
601333.SH,20250121,3.24,3.25,3.2,3.21,3.24,-0.03,-0.9259,311544.0,100288.104
601333.SH,20250122,3.2,3.21,3.17,3.19,3.21,-0.02,-0.6231,256431.0,81696.398
601333.SH,20250123,3.22,3.29,3.21,3.23,3.19,0.04,1.2539,448766.15,145962.366
601333.SH,20250124,3.22,3.28,3.21,3.27,3.23,0.04,1.2384,383267.63,124565.099
601333.SH,20250127,3.27,3.38,3.26,3.34,3.27,0.07,2.1407,550310.7,183973.701
601333.SH,20250205,3.34,3.36,3.25,3.26,3.34,-0.08,-2.3952,463899.0,152450.101
601333.SH,20250206,3.26,3.28,3.24,3.27,3.26,0.01,0.3067,332072.55,108095.453
601333.SH,20250207,3.26,3.32,3.25,3.3,3.27,0.03,0.9174,426481.77,140320.162
601333.SH,20250210,3.3,3.32,3.27,3.28,3.3,-0.02,-0.6061,390936.02,128642.087
601333.SH,20250211,3.28,3.29,3.25,3.26,3.28,-0.02,-0.6098,320648.19,104683.571
601333.SH,20250212,3.25,3.27,3.23,3.25,3.26,-0.01,-0.3067,266509.68,86576.605
601333.SH,20250213,3.25,3.27,3.24,3.25,3.25,0.0,0.0,334782.49,108999.682
601333.SH,20250214,3.25,3.26,3.22,3.24,3.25,-0.01,-0.3077,279140.13,90362.681
601333.SH,20250217,3.25,3.25,3.17,3.18,3.24,-0.06,-1.8519,649807.0,207592.741
601333.SH,20250218,3.19,3.2,3.15,3.16,3.18,-0.02,-0.6289,444895.9,141197.085
601333.SH,20250219,3.16,3.17,3.14,3.16,3.16,0.0,0.0,376875.69,118918.817
601333.SH,20250220,3.15,3.16,3.12,3.14,3.16,-0.02,-0.6329,367308.55,115223.355
601333.SH,20250221,3.14,3.15,3.11,3.12,3.14,-0.02,-0.6369,445339.05,139246.313
601333.SH,20250224,3.12,3.16,3.11,3.12,3.12,0.0,0.0,411966.01,128797.524
601333.SH,20250225,3.12,3.12,3.07,3.08,3.12,-0.04,-1.2821,456041.94,141093.756
601333.SH,20250226,3.08,3.11,3.07,3.09,3.08,0.01,0.3247,354824.61,109522.607
601333.SH,20250227,3.09,3.1,3.07,3.09,3.09,0.0,0.0,337153.5,103946.64
601333.SH,20250228,3.08,3.11,3.07,3.09,3.09,0.0,0.0,486798.58,150397.282
601333.SH,20250303,3.09,3.09,3.03,3.04,3.09,-0.05,-1.6181,546681.0,167345.844
601333.SH,20250304,3.03,3.04,3.01,3.02,3.04,-0.02,-0.6579,462272.02,139816.214
601333.SH,20250305,3.02,3.03,2.98,3.02,3.02,0.0,0.0,473178.0,142166.972
601333.SH,20250306,3.03,3.03,3.0,3.03,3.02,0.01,0.3311,394340.92,118894.65
601333.SH,20250307,3.02,3.04,3.01,3.02,3.03,-0.01,-0.33,332574.0,100548.922
601333.SH,20250310,3.02,3.03,3.0,3.01,3.02,-0.01,-0.3311,219651.01,66162.602
601333.SH,20250311,3.0,3.02,2.99,3.02,3.01,0.01,0.3322,282646.02,85099.841
601333.SH,20250312,3.02,3.04,3.01,3.04,3.02,0.02,0.6623,391697.44,118555.67
601333.SH,20250313,3.03,3.05,3.02,3.04,3.04,0.0,0.0,401085.81,121784.866
601333.SH,20250314,3.04,3.08,3.04,3.08,3.04,0.04,1.3158,410782.91,125867.411
601333.SH,20250317,3.09,3.1,3.07,3.09,3.08,0.01,0.3247,351521.35,108342.43
601333.SH,20250318,3.09,3.12,3.07,3.11,3.09,0.02,0.6472,453851.01,140554.184
601333.SH,20250319,3.11,3.11,3.08,3.09,3.11,-0.02,-0.6431,263015.2,81331.012
601333.SH,20250320,3.09,3.12,3.08,3.09,3.09,0.0,0.0,338570.9,104850.027
601333.SH,20250321,3.1,3.12,3.07,3.08,3.09,-0.01,-0.3236,495744.74,153429.143
601333.SH,20250324,3.08,3.09,3.03,3.06,3.08,-0.02,-0.6494,504632.0,154177.031
601333.SH,20250325,3.06,3.09,3.03,3.09,3.06,0.03,0.9804,540148.02,165605.993
601333.SH,20250326,3.08,3.1,3.06,3.07,3.09,-0.02,-0.6472,382873.25,117810.542
601333.SH,20250327,3.07,3.08,3.05,3.08,3.07,0.01,0.3257,286422.0,87929.489
601333.SH,20250328,3.05,3.05,2.95,2.95,3.08,-0.13,-4.2208,1113151.3,331699.051
601333.SH,20250331,2.94,2.98,2.89,2.91,2.95,-0.04,-1.3559,734539.77,215041.469
601333.SH,20250401,2.89,2.92,2.89,2.9,2.91,-0.01,-0.3436,476688.96,138452.19
601333.SH,20250402,2.89,2.91,2.89,2.9,2.9,0.0,0.0,274859.25,79613.445
601333.SH,20250403,2.89,2.94,2.88,2.93,2.9,0.03,1.0345,489227.86,142586.47
601333.SH,20250407,2.87,2.88,2.67,2.74,2.93,-0.19,-6.4846,1012422.07,282147.546
601333.SH,20250408,2.74,2.85,2.74,2.84,2.74,0.1,3.6496,759868.41,214034.174
601333.SH,20250409,2.82,2.89,2.79,2.89,2.84,0.05,1.7606,628684.57,178571.027
601333.SH,20250410,2.91,2.92,2.86,2.88,2.89,-0.01,-0.346,552142.19,159508.538
601333.SH,20250411,2.88,2.91,2.86,2.89,2.88,0.01,0.3472,380055.9,109777.161
601333.SH,20250414,2.89,2.9,2.88,2.89,2.89,0.0,0.0,297934.0,86090.667
601333.SH,20250415,2.89,2.89,2.86,2.87,2.89,-0.02,-0.692,212430.0,61017.554
601333.SH,20250416,2.87,2.9,2.87,2.89,2.87,0.02,0.6969,285693.0,82435.532
601333.SH,20250417,2.9,2.9,2.87,2.88,2.89,-0.01,-0.346,223484.0,64553.436
601333.SH,20250418,2.88,2.89,2.86,2.88,2.88,0.0,0.0,239224.01,68749.821
601333.SH,20250421,2.88,2.89,2.87,2.89,2.88,0.01,0.3472,164487.01,47457.594
601333.SH,20250422,2.88,2.9,2.88,2.89,2.89,0.0,0.0,194039.0,56045.843
601333.SH,20250423,2.9,2.9,2.87,2.88,2.89,-0.01,-0.346,212317.05,61217.799
601333.SH,20250424,2.89,2.89,2.87,2.87,2.88,-0.01,-0.3472,144599.0,41598.931
601333.SH,20250425,2.88,2.91,2.87,2.9,2.87,0.03,1.0453,341822.95,99015.869
601333.SH,20250428,2.91,2.96,2.9,2.93,2.9,0.03,1.0345,420407.94,123535.864
601333.SH,20250429,2.94,2.98,2.93,2.96,2.93,0.03,1.0239,332353.81,98341.672
601333.SH,20250430,2.95,2.96,2.89,2.94,2.96,-0.02,-0.6757,446933.7,130891.295
601333.SH,20250506,2.95,2.97,2.94,2.95,2.94,0.01,0.3401,372379.83,109964.353
601333.SH,20250507,2.96,2.98,2.95,2.96,2.95,0.01,0.339,390262.0,115701.006
601333.SH,20250508,2.96,2.97,2.94,2.96,2.96,0.0,0.0,276426.0,81801.138
601333.SH,20250509,2.96,2.98,2.95,2.96,2.96,0.0,0.0,289966.0,85942.222
601333.SH,20250512,2.97,2.97,2.95,2.97,2.96,0.01,0.3378,269821.0,79913.885
601333.SH,20250513,2.99,3.0,2.97,2.98,2.97,0.01,0.3367,353166.05,105328.433
601333.SH,20250514,2.98,2.99,2.95,2.99,2.98,0.01,0.3356,350488.66,104157.459
601333.SH,20250515,2.99,3.02,2.98,2.99,2.99,0.0,0.0,384005.45,115065.05
601333.SH,20250516,2.99,3.01,2.96,2.96,2.99,-0.03,-1.0033,331169.29,98656.888
601333.SH,20250519,2.96,3.0,2.96,2.98,2.96,0.02,0.6757,300714.12,89797.267
601333.SH,20250520,2.99,3.0,2.97,2.98,2.98,0.0,0.0,230687.0,68765.789
601333.SH,20250521,2.98,3.0,2.97,2.99,2.98,0.01,0.3356,275141.13,82238.153
601333.SH,20250522,2.98,3.01,2.97,2.99,2.99,0.0,0.0,353574.11,105809.414
601333.SH,20250523,2.99,3.03,2.96,2.96,2.99,-0.03,-1.0033,535202.5,160607.964
601333.SH,20250526,2.97,3.02,2.96,3.0,2.96,0.04,1.3514,345519.63,103561.985
601333.SH,20250527,3.0,3.02,2.99,3.01,3.0,0.01,0.3333,355578.01,106951.156
601333.SH,20250528,3.01,3.03,3.0,3.02,3.01,0.01,0.3322,296929.45,89478.196
601333.SH,20250529,3.02,3.06,3.02,3.05,3.02,0.03,0.9934,401354.34,122064.151
601333.SH,20250530,3.05,3.05,3.03,3.04,3.05,-0.01,-0.3279,273603.01,83198.952
601333.SH,20250603,3.03,3.06,2.99,3.04,3.04,0.0,0.0,471529.94,143073.355
601333.SH,20250604,3.05,3.06,3.0,3.02,3.04,-0.02,-0.6579,501669.41,151547.34
601333.SH,20250605,3.02,3.03,2.98,3.0,3.02,-0.02,-0.6623,357469.24,107191.137
601333.SH,20250606,3.0,3.01,2.98,2.98,3.0,-0.02,-0.6667,396876.4,118785.13
601333.SH,20250609,2.98,2.99,2.96,2.97,2.98,-0.01,-0.3356,430664.01,127963.167
601333.SH,20250610,2.97,2.99,2.96,2.97,2.97,0.0,0.0,335646.02,99779.627
601333.SH,20250611,2.97,2.99,2.96,2.98,2.97,0.01,0.3367,378957.18,112934.606
601333.SH,20250612,2.98,2.99,2.94,2.95,2.98,-0.03,-1.0067,516249.77,152783.363
601333.SH,20250613,2.95,2.96,2.9,2.94,2.95,-0.01,-0.339,1008740.59,294919.535
601333.SH,20250616,2.92,2.93,2.9,2.91,2.94,-0.03,-1.0204,552682.0,160905.12
601333.SH,20250617,2.91,2.91,2.88,2.91,2.91,0.0,0.0,362269.12,104908.939
601333.SH,20250618,2.9,2.92,2.89,2.9,2.91,-0.01,-0.3436,242070.98,70309.608
601333.SH,20250619,2.9,2.91,2.86,2.87,2.9,-0.03,-1.0345,304457.22,87637.119
601333.SH,20250620,2.87,2.91,2.86,2.9,2.87,0.03,1.0453,322306.02,93138.301
601333.SH,20250623,2.9,2.93,2.89,2.92,2.9,0.02,0.6897,367805.15,107196.066
601333.SH,20250624,2.92,2.94,2.91,2.92,2.92,0.0,0.0,323395.0,94587.265
601333.SH,20250625,2.93,2.94,2.91,2.93,2.92,0.01,0.3425,314855.11,92062.825
601333.SH,20250626,2.93,2.94,2.9,2.91,2.93,-0.02,-0.6826,343260.86,100045.31
601333.SH,20250627,2.92,2.93,2.91,2.92,2.91,0.01,0.3436,205304.2,59921.529
601333.SH,20250630,2.92,2.92,2.88,2.89,2.92,-0.03,-1.0274,390110.0,112942.869
601333.SH,20250701,2.89,2.9,2.88,2.89,2.89,0.0,0.0,272413.08,78749.781
601333.SH,20250702,2.89,2.93,2.88,2.93,2.89,0.04,1.3841,430437.08,125348.776
601333.SH,20250703,2.93,2.93,2.9,2.92,2.93,-0.01,-0.3413,311819.0,90834.821
601333.SH,20250704,2.92,2.93,2.91,2.91,2.92,-0.01,-0.3425,305555.0,89165.506
601333.SH,20250707,2.91,2.93,2.9,2.92,2.91,0.01,0.3436,386751.06,112889.93
601333.SH,20250708,2.93,2.94,2.92,2.94,2.92,0.02,0.6849,299100.72,87717.534
601333.SH,20250709,2.94,2.96,2.93,2.95,2.94,0.01,0.3401,350838.71,103479.03
601333.SH,20250710,2.95,2.98,2.95,2.97,2.95,0.02,0.678,490195.15,145321.944
601333.SH,20250711,2.97,3.01,2.97,3.0,2.97,0.03,1.0101,602219.49,180083.795
601333.SH,20250714,3.0,3.02,2.99,2.99,3.0,-0.01,-0.3333,466010.69,139956.709
601333.SH,20250715,3.0,3.0,2.96,2.97,2.99,-0.02,-0.6689,417793.0,124432.401
601333.SH,20250716,2.98,2.99,2.96,2.97,2.97,0.0,0.0,190552.46,56644.074
601333.SH,20250717,2.97,2.98,2.96,2.97,2.97,0.0,0.0,238033.0,70619.237
601333.SH,20250718,2.97,2.98,2.96,2.98,2.97,0.01,0.3367,228719.0,67895.554
601333.SH,20250721,2.98,3.03,2.97,3.03,2.98,0.05,1.6779,503488.01,151537.447
601333.SH,20250722,3.03,3.09,2.99,3.09,3.03,0.06,1.9802,867172.65,264541.242
601333.SH,20250723,3.09,3.12,3.07,3.08,3.09,-0.01,-0.3236,625445.17,193346.0
601333.SH,20250724,3.08,3.11,3.05,3.11,3.08,0.03,0.974,603627.17,186637.165
601333.SH,20250725,3.11,3.11,3.04,3.05,3.11,-0.06,-1.9293,533643.0,164096.284
601333.SH,20250728,3.11,3.18,3.04,3.05,3.05,0.0,0.0,1008238.69,311796.665
601333.SH,20250729,3.05,3.06,3.01,3.03,3.05,-0.02,-0.6557,452666.69,137039.352
601333.SH,20250730,3.03,3.07,3.02,3.04,3.03,0.01,0.33,403526.88,122974.592
601333.SH,20250731,3.04,3.05,2.97,2.97,3.04,-0.07,-2.3026,592650.88,177259.928
601333.SH,20250801,2.97,2.99,2.96,2.98,2.97,0.01,0.3367,445914.01,132576.372
601333.SH,20250804,2.97,2.99,2.96,2.97,2.98,-0.01,-0.3356,507577.01,150883.025
601333.SH,20250805,2.97,2.99,2.97,2.99,2.97,0.02,0.6734,279755.01,83324.529
601333.SH,20250806,2.98,2.99,2.96,2.97,2.99,-0.02,-0.6689,462039.32,137169.821
601333.SH,20250807,2.97,2.98,2.95,2.96,2.97,-0.01,-0.3367,516296.13,152884.177
601333.SH,20250808,2.97,3.0,2.96,2.99,2.96,0.03,1.0135,465675.2,138768.659
601333.SH,20250811,2.99,3.0,2.97,2.98,2.99,-0.01,-0.3344,528154.69,157242.252
601333.SH,20250812,2.98,2.99,2.97,2.98,2.98,0.0,0.0,309473.37,92189.761
601333.SH,20250813,2.98,2.99,2.97,2.98,2.98,0.0,0.0,376236.02,112097.768
601333.SH,20250814,2.98,2.99,2.96,2.96,2.98,-0.02,-0.6711,423822.0,126095.961
601333.SH,20250815,2.9,2.91,2.89,2.91,2.89,0.02,0.692,347139.2,100598.322
601333.SH,20250818,2.91,2.94,2.9,2.92,2.91,0.01,0.3436,676158.68,197908.441
601333.SH,20250819,2.93,2.93,2.91,2.92,2.92,0.0,0.0,292522.6,85378.444
601333.SH,20250820,2.91,2.93,2.89,2.92,2.92,0.0,0.0,480829.43,139831.288
601333.SH,20250821,2.92,2.96,2.92,2.95,2.92,0.03,1.0274,602785.06,177318.265
601333.SH,20250822,2.95,2.97,2.93,2.97,2.95,0.02,0.678,473161.52,139477.861
601333.SH,20250825,2.97,3.0,2.97,2.99,2.97,0.02,0.6734,523243.02,156204.428
601333.SH,20250826,2.99,3.0,2.97,2.99,2.99,0.0,0.0,401380.75,119971.39
601333.SH,20250827,2.99,2.99,2.93,2.93,2.99,-0.06,-2.0067,597932.89,176985.247
601333.SH,20250828,2.93,2.95,2.89,2.92,2.93,-0.01,-0.3413,542916.64,158460.03
601333.SH,20250829,3.1,3.21,3.1,3.21,2.92,0.29,9.9315,2256231.61,721703.09
601333.SH,20250901,3.2,3.42,3.08,3.35,3.21,0.14,4.3614,3661512.0,1195140.173
601333.SH,20250902,3.32,3.4,3.29,3.33,3.35,-0.02,-0.597,1361306.21,453808.829
601333.SH,20250903,3.32,3.34,3.29,3.31,3.33,-0.02,-0.6006,891454.93,295150.906
601333.SH,20250904,3.3,3.37,3.27,3.34,3.31,0.03,0.9063,883780.85,293134.585
601333.SH,20250905,3.35,3.37,3.3,3.35,3.34,0.01,0.2994,757780.6,253120.157
601333.SH,20250908,3.35,3.51,3.35,3.48,3.35,0.13,3.8806,1425264.19,492441.025
601333.SH,20250909,3.49,3.53,3.44,3.47,3.48,-0.01,-0.2874,806497.92,280997.439
601333.SH,20250910,3.49,3.55,3.43,3.53,3.47,0.06,1.7291,795320.81,279452.021
601333.SH,20250911,3.52,3.54,3.48,3.52,3.53,-0.01,-0.2833,596476.92,208757.394
601333.SH,20250912,3.52,3.52,3.42,3.44,3.52,-0.08,-2.2727,878333.39,303878.41
601333.SH,20250915,3.42,3.46,3.37,3.43,3.44,-0.01,-0.2907,837730.89,285762.597
601333.SH,20250916,3.44,3.45,3.4,3.43,3.43,0.0,0.0,454035.1,155454.202
601333.SH,20250917,3.42,3.43,3.36,3.37,3.43,-0.06,-1.7493,677629.75,229290.319
601333.SH,20250918,3.37,3.41,3.33,3.34,3.37,-0.03,-0.8902,697424.37,234719.133
601333.SH,20250919,3.34,3.35,3.27,3.3,3.34,-0.04,-1.1976,638645.35,210913.84
601333.SH,20250922,3.31,3.38,3.25,3.35,3.3,0.05,1.5152,774230.97,257698.774
601333.SH,20250923,3.35,3.35,3.28,3.34,3.35,-0.01,-0.2985,697139.01,231114.467
601333.SH,20250924,3.35,3.4,3.33,3.36,3.34,0.02,0.5988,589256.21,198098.24
601333.SH,20250925,3.37,3.38,3.29,3.3,3.36,-0.06,-1.7857,571485.01,189945.912
601333.SH,20250926,3.29,3.34,3.26,3.32,3.3,0.02,0.6061,737700.54,243276.038
601333.SH,20250929,3.34,3.36,3.29,3.34,3.32,0.02,0.6024,622453.42,206833.163
601333.SH,20250930,3.33,3.36,3.3,3.34,3.34,0.0,0.0,458544.01,152887.977
601333.SH,20251009,3.33,3.35,3.29,3.34,3.34,0.0,0.0,587894.02,195452.95
601333.SH,20251010,3.34,3.42,3.32,3.38,3.34,0.04,1.1976,902257.02,305154.623
601333.SH,20251013,3.31,3.33,3.27,3.31,3.38,-0.07,-2.071,793012.58,261611.588
601333.SH,20251014,3.33,3.35,3.3,3.31,3.31,0.0,0.0,717861.01,238548.679
601333.SH,20251015,3.32,3.33,3.29,3.33,3.31,0.02,0.6042,459664.0,152187.856
601333.SH,20251016,3.32,3.39,3.3,3.37,3.33,0.04,1.2012,866678.0,290537.893
601333.SH,20251017,3.35,3.44,3.35,3.38,3.37,0.01,0.2967,1009240.2,342502.824
601333.SH,20251020,3.39,3.44,3.36,3.42,3.38,0.04,1.1834,844932.0,287565.532
601333.SH,20251021,3.44,3.44,3.4,3.42,3.42,0.0,0.0,510051.99,174208.266
601333.SH,20251022,3.41,3.42,3.38,3.4,3.42,-0.02,-0.5848,388098.32,131905.645
601333.SH,20251023,3.4,3.42,3.37,3.4,3.4,0.0,0.0,527577.01,178906.567
601333.SH,20251024,3.39,3.4,3.28,3.29,3.4,-0.11,-3.2353,824466.64,274272.608
601333.SH,20251027,3.3,3.36,3.27,3.34,3.29,0.05,1.5198,723730.83,240431.733
601333.SH,20251028,3.33,3.38,3.33,3.37,3.34,0.03,0.8982,535290.0,180159.999
601333.SH,20251029,3.37,3.38,3.32,3.35,3.37,-0.02,-0.5935,418890.36,140177.506
601333.SH,20251030,3.35,3.36,3.27,3.27,3.35,-0.08,-2.3881,801773.0,264685.463
601333.SH,20251031,3.27,3.28,3.05,3.06,3.27,-0.21,-6.422,2120842.54,654797.23
601333.SH,20251103,3.06,3.08,3.05,3.07,3.06,0.01,0.3268,881250.11,269766.358
601333.SH,20251104,3.06,3.07,3.01,3.02,3.07,-0.05,-1.6287,892832.01,271429.644
601333.SH,20251105,3.02,3.07,3.01,3.05,3.02,0.03,0.9934,614157.39,186953.147
601333.SH,20251106,3.06,3.08,3.04,3.06,3.05,0.01,0.3279,721888.48,221000.702
601333.SH,20251107,3.06,3.07,3.05,3.06,3.06,0.0,0.0,495711.0,151693.219
601333.SH,20251110,3.06,3.09,3.05,3.08,3.06,0.02,0.6536,541891.89,166702.694
601333.SH,20251111,3.09,3.11,3.08,3.11,3.08,0.03,0.974,590291.2,182834.989
601333.SH,20251112,3.11,3.12,3.09,3.1,3.11,-0.01,-0.3215,462995.57,143792.942
601333.SH,20251113,3.1,3.11,3.07,3.1,3.1,0.0,0.0,620929.89,191950.006
601333.SH,20251114,3.1,3.13,3.09,3.1,3.1,0.0,0.0,606332.94,188639.32
601333.SH,20251117,3.1,3.11,3.06,3.08,3.1,-0.02,-0.6452,570290.77,175667.565
601333.SH,20251118,3.07,3.08,3.02,3.04,3.08,-0.04,-1.2987,574018.01,174534.556
601333.SH,20251119,3.03,3.05,3.01,3.03,3.04,-0.01,-0.3289,349352.36,105776.139
601333.SH,20251120,3.03,3.05,3.02,3.04,3.03,0.01,0.33,443558.92,134514.383
601333.SH,20251121,3.02,3.03,2.98,2.99,3.04,-0.05,-1.6447,663302.14,199150.987
601333.SH,20251124,2.99,3.0,2.97,2.98,2.99,-0.01,-0.3344,377942.0,112889.042
601333.SH,20251125,2.99,3.01,2.98,3.0,2.98,0.02,0.6711,375491.77,112522.355
601333.SH,20251126,3.0,3.02,2.99,2.99,3.0,-0.01,-0.3333,333613.1,100277.02
601333.SH,20251127,3.0,3.01,2.98,3.0,2.99,0.01,0.3344,303735.35,91011.571
601333.SH,20251128,3.0,3.05,2.99,3.04,3.0,0.04,1.3333,553062.0,167132.361
601333.SH,20251201,3.04,3.06,3.03,3.04,3.04,0.0,0.0,381864.0,116279.986
601333.SH,20251202,3.04,3.08,3.03,3.07,3.04,0.03,0.9868,536071.01,164188.299
601333.SH,20251203,3.07,3.1,3.06,3.09,3.07,0.02,0.6515,479253.0,147634.743
601333.SH,20251204,3.09,3.09,3.06,3.07,3.09,-0.02,-0.6472,343216.0,105497.128
601333.SH,20251205,3.07,3.1,3.05,3.09,3.07,0.02,0.6515,367545.74,113072.735
601333.SH,20251208,3.09,3.1,3.06,3.06,3.09,-0.03,-0.9709,371993.39,114181.688
601333.SH,20251209,3.06,3.07,3.02,3.04,3.06,-0.02,-0.6536,363464.78,110628.77
601333.SH,20251210,3.05,3.07,3.03,3.04,3.04,0.0,0.0,281334.0,85735.844
601333.SH,20251211,3.04,3.05,3.0,3.01,3.04,-0.03,-0.9868,356823.01,107860.046
601333.SH,20251212,3.01,3.04,3.0,3.02,3.01,0.01,0.3322,332976.5,100781.058
601333.SH,20251215,3.02,3.04,3.01,3.03,3.02,0.01,0.3311,241113.0,73006.878
601333.SH,20251216,3.03,3.03,2.99,3.01,3.03,-0.02,-0.6601,429361.1,129128.295
601333.SH,20251217,3.0,3.03,2.98,3.01,3.01,0.0,0.0,400147.47,120032.846
601333.SH,20251218,3.02,3.05,3.01,3.05,3.01,0.04,1.3289,302683.56,91850.221
601333.SH,20251219,3.04,3.09,3.03,3.08,3.05,0.03,0.9836,488279.0,149871.518
601333.SH,20251222,3.09,3.1,3.06,3.08,3.08,0.0,0.0,434471.64,134002.663
601333.SH,20251223,3.08,3.08,3.05,3.06,3.08,-0.02,-0.6494,335023.2,102743.267
601333.SH,20251224,3.05,3.07,3.04,3.06,3.06,0.0,0.0,338002.21,103202.567
601333.SH,20251225,3.06,3.08,3.05,3.06,3.06,0.0,0.0,222847.46,68282.86
601333.SH,20251226,3.06,3.08,3.05,3.07,3.06,0.01,0.3268,274704.0,84244.201
601333.SH,20251229,3.07,3.07,3.03,3.04,3.07,-0.03,-0.9772,424219.04,129423.965
601333.SH,20251230,3.03,3.05,3.02,3.02,3.04,-0.02,-0.6579,351336.0,106499.551
601333.SH,20251231,3.03,3.05,3.02,3.04,3.02,0.02,0.6623,303037.65,92046.781
601333.SH,20260105,3.04,3.05,3.02,3.03,3.04,-0.01,-0.3289,516554.48,156477.147
601333.SH,20260106,3.03,3.07,3.02,3.06,3.03,0.03,0.9901,487249.88,148649.014
601333.SH,20260107,3.06,3.07,3.04,3.05,3.06,-0.01,-0.3268,405157.87,123646.538
601333.SH,20260108,3.04,3.05,3.03,3.03,3.05,-0.02,-0.6557,356697.92,108331.814
601333.SH,20260109,3.04,3.05,3.03,3.04,3.03,0.01,0.33,337532.84,102594.868
601333.SH,20260112,3.05,3.08,3.04,3.07,3.04,0.03,0.9868,536510.54,164228.037
601333.SH,20260113,3.08,3.09,3.05,3.06,3.07,-0.01,-0.3257,542051.76,166531.248
601333.SH,20260114,3.06,3.08,3.03,3.04,3.06,-0.02,-0.6536,584650.02,178735.683
601333.SH,20260115,3.04,3.05,3.03,3.03,3.04,-0.01,-0.3289,316389.48,96078.69
601333.SH,20260116,3.03,3.05,3.01,3.02,3.03,-0.01,-0.33,506868.0,153419.361
601333.SH,20260119,3.02,3.04,3.01,3.03,3.02,0.01,0.3311,381344.32,115426.245
601333.SH,20260120,3.03,3.08,3.02,3.08,3.03,0.05,1.6502,713151.55,218113.381
601333.SH,20260121,3.08,3.09,3.05,3.07,3.08,-0.01,-0.3247,445379.71,136656.447
601333.SH,20260122,3.07,3.12,3.06,3.12,3.07,0.05,1.6287,751728.99,232798.427
601333.SH,20260123,3.12,3.14,3.1,3.14,3.12,0.02,0.641,486421.19,151569.509
601333.SH,20260126,3.14,3.15,3.09,3.13,3.14,-0.01,-0.3185,635175.97,198454.608
601333.SH,20260127,3.13,3.14,3.08,3.11,3.13,-0.02,-0.639,537237.35,166673.286
601333.SH,20260128,3.1,3.17,3.09,3.15,3.11,0.04,1.2862,687565.26,215432.649
601333.SH,20260129,3.14,3.15,3.11,3.13,3.15,-0.02,-0.6349,432453.52,135224.51
601333.SH,20260130,3.14,3.17,3.11,3.13,3.13,0.0,0.0,623849.11,195784.508
601333.SH,20260202,3.15,3.2,3.11,3.12,3.13,-0.01,-0.3195,1060557.6,334900.018
601333.SH,20260203,3.13,3.17,3.05,3.07,3.12,-0.05,-1.6026,768221.52,237655.738
601333.SH,20260204,3.08,3.15,3.06,3.15,3.07,0.08,2.6059,702783.12,219457.836
601333.SH,20260205,3.14,3.15,3.12,3.14,3.15,-0.01,-0.3175,479521.75,150350.272
601333.SH,20260206,3.12,3.15,3.1,3.11,3.14,-0.03,-0.9554,484658.26,151404.309
601333.SH,20260209,3.13,3.14,3.1,3.12,3.11,0.01,0.3215,490152.69,152823.704
601333.SH,20260210,3.11,3.13,3.09,3.11,3.12,-0.01,-0.3205,413908.74,128846.67
601333.SH,20260211,3.12,3.14,3.1,3.13,3.11,0.02,0.6431,407895.19,127360.282
601333.SH,20260212,3.13,3.15,3.1,3.11,3.13,-0.02,-0.639,459310.01,143363.007
601333.SH,20260213,3.1,3.11,3.05,3.06,3.11,-0.05,-1.6077,549824.08,168988.455
601333.SH,20260224,3.08,3.09,3.07,3.08,3.06,0.02,0.6536,308293.27,95020.759
601333.SH,20260225,3.08,3.15,3.07,3.12,3.08,0.04,1.2987,709970.02,221780.831
601333.SH,20260226,3.12,3.13,3.08,3.09,3.12,-0.03,-0.9615,394742.0,122264.404
601333.SH,20260227,3.09,3.11,3.07,3.1,3.09,0.01,0.3236,418229.27,129302.906
